6
75 78 96
115 88 112
78 3 86
186 85 45
160 35 125
47 111 133
30 74 133
47 136 37
180 109 30
150 120 18
94 78 179
119 69 2
80 108 139
141 117 17
107 186 195
177 18 66
44 118 148
154 37 56
94 147 98
135 114 145
53 91 115
91 106 6
80 144 43
150 113 99
167 118 30
140 57 35
25 68 134
66 30 7
34 16 129
188 200 193
99 45 185
20 18 31
106 120 125
179 127 88
6 8 116
138 26 26
102 113 91
150 56 60
135 171 19
175 150 20
2 35 20
157 126 195
131 89 46
170 102 87
136 88 40
54 69 11
2 185 39
86 200 100
13 121 82
115 10 80
158 110 67
155 197 155
6 47 116
6 33 43
35 115 198
110 33 192
180 58 56
92 175 6
16 174 111
122 47 127
16 36 124
170 109 81
110 155 105
144 27 166
101 26 115
82 145 109
169 39 194
92 138 36
163 82 14
126 70 136
101 6 99
43 42 196
134 44 67
94 55 190
76 69 102
195 75 141
56 137 87
195 56 138
44 199 116
36 200 54
152 149 178
140 134 110
119 50 10
44 109 175
24 129 63
31 162 187
70 55 123
196 47 145
92 33 83
94 156 145
89 70 184
200 189 48
26 109 79
130 139 193
143 5 13
68 9 98
130 94 136
26 63 13
106 23 145
4 83 41
112 37 154
