54
85 78 61
109 56 184
58 11 192
33 164 166
83 111 22
184 83 134
83 90 125
59 161 12
196 24 49
63 21 122
159 198 62
33 118 64
170 200 151
179 80 90
126 196 156
149 31 183
185 174 159
87 34 144
74 49 191
89 81 189
183 157 169
183 28 53
89 144 151
172 135 158
61 76 103
182 171 181
79 171 128
55 101 59
178 197 195
73 141 107
13 38 80
13 93 152
173 162 91
22 186 87
77 109 37
15 97 189
82 141 183
168 57 47
162 171 127
91 76 183
131 143 67
30 57 21
141 30 34
188 19 196
120 165 108
149 148 45
26 120 185
32 87 148
176 92 84
37 85 92
185 178 198
191 162 198
12 129 133
34 132 194
29 170 53
32 56 123
89 169 187
53 8 112
114 138 122
126 3 93
62 157 56
121 199 1
82 50 110
55 54 126
96 20 149
119 190 197
99 136 118
131 87 106
162 177 82
123 173 193
129 132 152
177 60 168
189 164 87
3 155 193
156 187 174
124 101 24
74 192 139
158 4 149
75 120 140
141 150 159
14 34 155
72 99 161
181 9 74
51 112 179
82 10 98
39 134 102
173 53 196
125 170 135
111 30 136
105 117 104
48 118 100
12 58 121
162 9 183
103 20 107
44 113 134
134 161 31
66 13 86
132 75 135
88 60 143
95 45 131
71 34 2
