39
81 95 57
97 117 6
59 177 114
49 73 145
10 91 24
39 155 127
80 118 192
47 92 14
147 157 112
56 180 75
42 74 96
114 160 55
143 95 58
91 1 110
170 41 84
161 27 10
159 22 110
40 162 124
145 14 143
111 198 98
67 186 190
14 109 32
121 53 44
151 3 161
3 196 17
59 112 160
29 107 42
198 198 114
59 192 157
75 72 104
41 26 68
62 142 43
68 172 36
70 125 24
27 95 19
196 136 130
53 91 192
44 164 156
157 136 28
163 197 41
172 99 50
144 62 130
118 196 15
81 40 63
188 13 159
174 123 176
136 187 19
34 17 46
144 18 142
25 175 52
174 129 47
198 73 52
152 70 14
175 16 52
186 31 100
113 168 7
8 174 16
162 75 61
117 39 58
92 2 159
114 114 129
124 122 105
154 136 41
3 100 180
65 25 44
66 13 167
149 91 27
192 88 5
81 38 73
22 41 170
162 63 133
62 77 85
171 48 10
186 116 163
155 175 190
6 42 107
13 22 36
128 53 68
152 190 5
47 96 80
20 59 171
91 182 19
178 177 199
125 99 19
15 24 45
168 46 84
114 79 98
166 7 96
51 22 105
21 33 179
21 46 160
144 48 114
117 43 38
200 197 195
42 192 137
42 124 141
172 199 78
145 82 69
77 13 151
73 121 59
146 111 122
