13
25 93 26
103 45 179
176 109 154
156 111 109
74 140 60
100 31 110
172 46 101
174 151 67
172 189 14
16 177 8
108 20 42
180 23 14
31 146 75
25 22 88
148 145 17
131 137 64
35 195 172
81 126 28
60 60 104
139 11 62
83 134 120
82 163 168
45 137 22
59 144 198
80 20 184
115 133 171
84 23 51
22 50 110
89 13 132
176 109 98
134 102 35
146 31 157
92 130 47
109 190 122
106 96 98
199 120 53
171 118 78
103 104 146
1 117 152
22 189 27
148 171 164
88 5 72
33 128 53
88 165 111
108 187 147
147 3 49
32 199 23
31 93 127
42 40 189
66 154 175
14 109 150
135 65 128
163 100 7
103 62 33
63 56 152
111 167 195
6 146 106
34 133 165
101 195 103
98 164 33
172 131 36
173 190 94
200 145 51
171 175 56
57 24 107
33 72 84
22 93 98
119 136 34
16 49 96
37 199 67
144 74 62
42 15 3
164 35 91
147 114 189
151 37 120
131 5 191
162 68 32
5 63 180
25 39 4
81 159 78
168 5 15
83 140 158
87 110 17
53 109 101
50 112 182
160 132 25
46 100 84
72 110 30
66 85 6
21 46 84
161 58 28
78 134 179
15 44 85
171 165 124
196 184 190
22 19 10
24 176 180
141 14 147
15 13 17
112 119 194
50 86 14
