75
1 12 79
135 130 27
125 116 141
182 140 89
166 88 109
54 112 189
197 182 90
200 116 93
6 119 195
172 87 35
190 71 9
90 156 105
88 30 56
32 186 125
134 158 88
12 4 189
169 186 26
16 169 12
103 173 29
121 97 14
199 117 114
128 157 64
103 97 108
77 193 145
80 168 59
184 11 8
10 15 87
20 71 139
169 20 98
108 79 33
132 53 99
165 171 98
181 186 3
120 44 5
115 14 75
101 120 82
154 194 145
186 7 195
116 135 148
120 93 118
65 148 177
121 98 113
158 192 26
20 123 136
168 41 38
169 86 146
91 77 134
73 199 103
110 160 147
67 23 183
6 123 76
145 174 50
24 47 73
69 160 138
130 16 11
45 63 33
144 13 139
123 172 111
178 149 73
84 188 97
119 26 187
135 170 116
188 129 109
182 170 54
168 99 74
2 65 13
170 173 167
111 107 162
84 183 130
89 158 38
91 161 58
85 171 83
47 124 91
90 114 46
177 60 111
11 199 159
131 124 170
166 75 182
57 57 128
81 46 152
164 182 150
183 71 147
91 71 59
161 113 17
3 141 53
117 123 154
106 42 62
131 194 193
77 6 107
98 64 58
157 46 14
79 199 45
131 83 13
143 146 81
17 24 94
188 112 144
199 126 75
146 155 182
35 119 60
153 86 13
45 130 165
