34
5 72 20
197 36 199
78 146 183
19 134 91
143 199 127
122 16 182
93 152 69
141 26 155
33 82 168
125 136 136
153 73 117
79 126 181
23 98 179
83 37 155
155 12 68
198 142 154
192 98 158
191 68 14
173 181 74
96 109 137
51 170 129
1 38 192
70 107 68
96 83 151
73 51 95
148 156 63
197 74 44
16 138 124
44 21 187
109 74 187
135 63 91
53 137 187
88 148 184
71 169 193
93 178 135
66 181 123
175 18 7
115 168 120
67 84 47
150 193 191
147 189 15
118 147 4
177 13 140
135 178 44
138 39 86
132 78 167
108 182 168
172 162 50
170 180 45
117 197 171
92 153 152
102 103 47
190 81 91
122 88 107
182 76 123
25 129 139
98 130 195
198 92 64
97 70 66
64 47 148
113 16 198
102 171 124
142 155 43
191 88 73
119 16 79
119 99 139
67 55 101
115 160 46
167 188 68
27 10 80
66 76 91
23 89 14
44 179 17
163 3 30
4 112 172
14 115 174
174 178 9
42 130 20
1 52 117
149 186 138
164 26 39
78 138 48
155 160 103
57 5 178
181 10 40
85 23 83
70 10 57
143 11 102
88 47 20
185 24 147
37 198 121
82 5 45
65 91 114
43 159 159
44 35 102
38 166 125
144 46 26
145 163 89
199 195 143
94 127 47
61 109 101
