12
63 45 87
122 94 16
39 48 43
185 66 55
121 120 153
124 97 136
194 172 185
188 45 30
95 68 185
113 122 87
90 49 169
47 48 132
103 67 34
109 14 149
7 139 71
190 142 39
182 187 151
108 16 181
3 128 136
102 134 169
157 111 183
106 173 60
134 68 52
147 98 197
149 49 102
82 174 104
126 116 125
125 118 90
195 147 178
79 50 5
177 152 136
89 150 85
121 185 86
112 122 158
114 22 48
43 27 121
168 140 46
89 178 197
2 94 7
120 176 169
55 9 154
107 59 148
1 69 135
77 79 56
159 108 177
63 50 148
155 21 200
20 42 120
95 66 51
92 112 11
134 146 129
35 96 51
102 22 159
184 21 145
166 128 15
85 148 191
191 103 23
101 15 179
64 151 127
161 105 84
185 140 88
158 46 17
69 1 7
197 35 101
170 117 199
58 138 196
176 35 30
183 131 58
179 125 121
6 175 37
171 37 125
186 50 116
57 146 190
172 53 97
45 116 102
41 85 171
48 154 94
131 163 171
140 123 165
79 75 155
146 151 179
29 172 77
26 5 140
179 193 76
95 88 174
151 19 63
62 123 135
35 191 192
103 31 168
153 96 23
91 127 11
159 92 20
4 3 108
195 18 137
28 100 51
58 163 36
75 109 49
170 181 41
1 10 29
44 1 79
12 147 130
