99
100 50 15
90 139 197
89 23 90
50 194 93
97 193 52
41 148 163
85 139 32
29 111 60
102 78 26
199 164 186
64 197 63
60 126 82
133 184 16
173 166 164
185 69 123
88 40 102
42 174 127
125 76 42
15 184 189
103 45 150
41 106 78
30 25 4
155 45 157
50 172 13
126 136 49
183 94 153
196 98 124
190 180 122
155 1 40
18 184 165
199 3 66
64 175 200
53 108 14
29 186 15
82 146 18
26 184 139
117 7 181
170 10 116
49 153 137
128 110 6
104 177 3
169 153 86
32 49 108
128 92 94
176 49 83
63 131 168
75 4 32
191 107 81
189 193 173
132 133 52
83 115 66
159 189 166
71 118 140
98 17 29
168 62 157
121 81 112
76 81 86
26 59 37
181 142 55
185 94 198
29 195 144
55 130 112
175 174 199
106 111 136
127 67 94
39 155 156
161 193 121
41 176 142
101 121 189
100 42 69
122 121 127
35 158 66
19 170 33
94 48 78
171 51 111
114 156 152
189 124 159
86 47 109
130 181 156
160 55 102
8 105 190
47 102 151
20 9 40
95 174 163
199 127 38
100 191 62
134 181 110
55 200 64
60 198 78
137 26 59
136 124 70
81 29 69
192 76 112
161 184 59
102 73 14
147 57 140
35 93 102
183 52 58
124 9 119
26 119 126
87 34 156
