15929
19406
5102
14882
26418
21145
25789
7516
6741
24769
21577
27438
4191
12663
18079
4051
7762
21839
22127
18779
26753
19301
11662
24956
27803
27039
19529
12193
19227
12992
24636
24519
21719
14578
8750
23000
9194
25954
19966
28529
28764
5520
23913
8616
25011
11754
17438
24182
27727
25582
21106
20058
7899
18413
18610
14961
19617
20036
6773
18816
21589
10070
21830
19265
16522
17629
27152
11042
16497
22842
24287
26023
5441
21311
18590
7961
25724
27293
28152
20852
9232
21585
26151
20545
18019
13369
8301
24533
10987
13311
18247
19179
12693
5658
17866
10467
24411
16405
10165
10821
