30045716443
29003143459
13681843486
28457247756
26511291965
36310402040
12067854386
49691970490
21251773450
16534044040
32396698689
23699204523
47947297908
13011445663
18155281881
54613067081
23476226039
18764308808
47793385639
33449360285
40990144242
18300604967
12698566863
37538434492
48724565634
36713884616
56951677638
17074638397
10444215188
50506822778
37524055098
14524138832
26012438750
35063896514
39671906782
44677077978
36860636885
10167080509
32360359145
50976391026
17344826389
11055001736
52719301058
48695769241
16553883994
38334759666
17440401247
43858135530
57119174351
17150787774
42484436008
16973967033
20965740435
24332821750
23088611848
23417605285
44853264847
13161154521
43102154485
25325274785
37964277404
38397853423
36648973578
16157911377
25488071728
37239956298
39354369499
28837953075
34089347515
35109673644
22212463436
29480392153
53689337431
24969971232
55282684652
52770250982
49767459652
10724281830
22528362681
37645772987
48404645768
11365700964
11505385695
42847801263
