30568379896
30812787704
29652613744
25164868352
35635129744
43308116429
11516001778
32562935683
16183311258
15299937959
35569570150
46958071517
49687699250
20430777192
13785907780
13219226673
10298901760
20174819249
10343394581
10529462868
45971291214
52427268721
53975654402
36658054316
20480914905
19681346521
39272917942
24994841610
12826616884
18728002384
31516290116
34515518785
15660300920
20412174751
23916211337
35222309792
47360138150
44807485555
30048414478
25771772685
11140299877
15546731295
19935620484
43879018959
39446503904
45866405678
28512871420
10975399408
55438997369
22546051560
46770709137
43319299795
17678112805
