41176846543
27237623941
55236077340
14334470679
9508254184
46356336319
21782577868
29152132908
21638179785
33141735105
48960635390
39394166105
25159609850
15804142424
22489911692
23297518026
29603594170
36483897012
40913971711
47210873999
37034889974
43105284015
26893652277
14461743079
28802261901
27407613745
32667875536
37383397893
52171941575
55259621657
8787498246
28026842885
21490569746
55206949367
44651700517
50622786361
25899866859
42316411797
9443388695
43882742760
41767443678
8509014002
17069539971
58077064039
46474322702
21810716305
25867115935
41525996579
44745402090
54664280261
47584178060
36907030935
18056208673
54118163427
42736855401
11871394149
50438578576
40504217818
54447360245
11281436151
14020827710
57627195795
30960435602
51611849245
