8
4 3
19
5 4 5 46 17 19 21 11 25 30 11 20 21 11 4 18 3 19 12 
5
32 34 47 16 41 
2 6
17
31 7 36 22 7 2 13 13 32 45 1 24 10 47 38 5 12 
9
25 32 8 40 40 16 13 18 16 
2 5
22
26 13 20 46 6 45 23 6 3 5 40 18 32 41 6 33 5 18 17 25 28 18 
7
40 44 12 9 23 25 36 
5 2
20
31 11 38 43 50 46 8 16 27 41 37 48 42 39 1 7 48 10 3 22 
6
4 16 4 45 39 13 
3 1
23
22 41 23 7 50 24 15 41 38 47 39 5 44 1 9 46 28 13 5 25 10 26 3 
10
27 40 50 46 13 14 26 47 29 41 
1 4
25
46 26 27 8 24 1 15 32 3 22 26 40 17 48 48 48 14 38 45 21 7 22 7 32 24 
9
42 27 21 16 31 16 10 45 34 
5 5
22
6 8 50 20 45 34 26 35 6 40 11 7 9 9 46 2 30 37 46 21 23 6 
9
42 26 24 7 9 13 35 1 37 
4 1
17
9 8 7 24 32 33 9 46 41 42 3 16 30 19 20 29 36 
6
12 30 27 17 4 20 
