8
3 3
20
50 43 19 34 30 38 40 4 29 23 42 13 42 26 44 29 35 48 2 36 
7
1 42 38 23 15 20 32 
4 3
23
36 22 48 38 32 50 13 47 49 49 46 29 40 46 31 30 30 37 19 37 5 20 9 
10
22 36 14 1 20 2 25 22 45 49 
4 1
10
15 18 8 3 35 35 45 3 4 3 
5
37 29 47 11 13 
4 5
16
37 44 44 4 5 8 31 44 24 10 5 25 35 30 30 49 
8
36 24 11 3 12 5 43 17 
3 2
17
6 13 42 33 48 30 9 13 40 6 47 7 50 25 31 43 19 
10
43 14 14 1 10 41 20 35 48 41 
3 6
19
40 27 22 27 43 30 5 33 12 24 11 29 32 43 3 46 2 11 4 
7
36 44 39 4 28 5 41 
2 7
22
45 49 38 48 44 47 5 46 3 46 22 3 28 20 36 15 38 9 26 32 42 7 
5
6 8 9 32 45 
2 5
11
17 2 45 5 11 28 40 49 18 48 35 
10
19 28 12 44 39 16 40 5 8 3 
