7609
15057
19878
21192
26672
18897
11949
12512
20703
19133
26699
4462
7089
14262
6089
22841
25085
24382
8637
15822
10693
26202
7979
16553
15160
14038
27850
10958
12681
19812
19999
6733
12563
20068
13170
24569
15377
27369
13372
22838
27841
11923
27016
12399
16753
24349
24903
14570
20087
26170
11372
17926
8629
9291
9637
13564
24980
17409
6389
12935
18938
27268
8041
28117
23974
11500
26379
22508
9261
13854
10514
14987
14647
6799
12667
17725
13518
25947
25190
8762
15934
13634
23171
15738
23685
18929
5639
7463
20546
4892
21239
15630
15593
11733
18211
26790
26601
18847
10685
