28819063437
20187850867
43974505893
53363663740
52196030776
43686199189
56424568798
27350873577
27466858651
36015262079
38531786516
44503058368
49963639847
48403063153
47897087849
37847843647
44983105240
46464088224
43022168638
10110916711
43185608799
31057822275
25853225587
44868270180
20960703677
26552120962
17762657301
35781970748
38689005686
53421676429
55516687204
20730766053
18654477056
11316616902
15784899164
38447773851
35720160040
12830382722
25816268453
28078578035
28370131813
51802797485
25592563611
48057323437
16744933670
26472842978
34465957433
23345909840
57083922024
38505786199
43208721461
31798044859
41827319836
11585810192
43669864919
52067986669
55298553706
29938734806
15453459759
14510799158
38696411907
13514681882
44336872843
21372250791
10152754999
21579200223
51050415081
27064111719
44359336246
