3274892334964
3829067983482
4243101797976
3084238162144
3064723401909
3235787329899
3548672224411
3588607786613
4567271828000
3388243768659
3479272985696
3847582077966
4325970031357
3399544468839
4707696496055
3955391903474
3029124072582
3781015536942
4435891286729
4727634988970
4079378105775
4248902255937
4514771487588
4569482870754
2791518962159
4473797380503
3552763011673
4627738148847
3836281805554
3938417152879
2959589195157
2629262887310
4553583122013
3804958121894
4425514487005
4524332381575
3066088365574
3851309470207
2736956583908
3169813137598
3492604151655
3204468076936
4120366586067
3647431666600
3325062151016
2732241690911
4405738230929
3926070527523
3195584865365
3174691161878
2811503497260
2637310160096
3471973854200
4575998389474
2759109860037
3163002369715
4350056814941
3096131726935
2690127381263
3425765320636
2791729053733
3958883509762
3180264575867
3879730524122
3433270100372
3407520038657
4324273696016
3398701543913
4533249145435
2640133941790
3881400197069
3704845416886
4704116718416
2641375357405
4575929570665
3728108684734
3500558155631
3670721332625
4463935702436
2789494821099
4119568541067
4538382074738
4250469460191
3967374657052
2741220739144
3913928740077
2898563888830
2482116909181
3794911381098
2502584315122
2732960072749
3226593911204
4228040236426
4240498772696
2757110407285
4662691125363
3419347724423
3216033225821
2780978400389
3545348587376
