8558868484615
4626783458414
5486079417634
7587165574753
8696627532849
4209079923620
6650898717654
8349882389788
5256491275347
5841245776922
5029107746748
5473102607995
6440129395077
5692016749623
5726536259138
6407072921949
5919888910584
6477012393138
7724401712648
7462800787722
5692464063375
5898844701793
6451612330364
6696349627423
8576389657190
7529138061338
7663973576021
3912270119612
7375213880345
5438198662716
6063341795540
8174904800880
5731583983583
7496479331538
7463147313192
7846211438113
7900090344426
5505495613820
6980612883202
5566079979995
6276349539677
6265137144921
8101351107003
7115055112769
7048313043421
8364292548772
6440020150190
7415017855797
4775601274371
5325030887620
7757082950135
6710470576372
5423647284594
6552669288806
3760696755643
4490867105122
7900955192836
5732144837401
5525412032500
6168930827756
5833439979254
5604339628166
6671010660381
7090678727974
7204276813656
7756259649602
7600612108814
4774470806861
7431183827667
6720500859146
6892820303323
8678918238648
6590017288395
8300058325480
5300703546873
4173305629165
7294325540462
5144042055890
5937114886943
7148119364105
6678260347775
6278485141991
5342998177315
6215193965045
8879517638434
7542505188440
6783693156036
6413886829999
7517891418321
4014666367180
7386099394605
6840116919257
5613877934966
5130093890352
8439564172772
7227626802556
6427143115827
7610634811727
7756862800449
7395618570444
6947677356373
7707415880387
8080617807652
5950858113848
5161273117497
7345392073940
5644643552026
6500770415704
6918318832697
7137064153353
6223752625827
7043271182355
8239105701067
5311917957569
7448794775350
6484536120806
5421986442345
6772477051674
7211724648209
6798990649145
6626490881336
7190761595507
4349699638616
6151443896037
5661764300344
7733139616147
6653148838931
3298255028566
5997409595273
7418931395282
6313089735537
6643713555582
6290221265755
5458616015328
5797110925000
6283250136525
5426695048025
6937815117820
5855686744633
6901408532631
5192821438199
4531454482876
6914430653365
6513699927115
7163055644539
4852038574790
4729802269321
5676992195428
6804273529687
5080763400317
5727843607785
5431999721547
7364196883746
7215088522347
4659936842133
7744091397822
6164714769162
7418648735625
4241392861539
6664517682178
5691124612075
6084601287237
6619683362404
6721793448991
5386876239104
6273390920802
6552250488404
6910522875231
6891904820519
7780863617816
5989822075450
5911761185767
6510059403865
6751462130306
6722268450171
6076936664079
7381539268052
6116034343657
5866748055681
8173329432827
7702296963144
7841043465261
6684565455524
7960632771602
7583089039124
6732869990470
6876523295983
6421034347323
7155701556758
6385259935952
7500328325253
7861877926934
5556784306958
7952911624431
6832715612340
6264836534858
5232135647877
6425985334279
6897739073166
4925764044139
