10
3 5
11
19 35 18 9 44 29 29 7 28 21 37 
5
28 14 34 28 31 
2 7
10
14 23 3 32 46 6 7 23 38 22 
7
37 48 28 21 14 21 22 
2 7
20
3 32 13 42 26 28 18 12 30 22 24 8 24 32 16 20 45 27 17 18 
5
33 19 45 49 28 
5 5
20
47 18 49 39 10 22 47 30 19 20 8 15 47 48 37 24 43 27 24 27 
7
42 17 5 13 29 30 17 
4 4
14
4 30 32 44 20 42 48 41 35 44 25 26 1 7 
6
4 18 29 2 37 29 
4 2
18
10 46 31 3 13 32 9 14 2 50 2 50 6 49 6 2 27 12 
6
4 42 46 10 12 23 
4 4
18
36 47 38 47 45 8 45 6 3 48 6 23 28 3 50 39 8 9 
9
15 27 27 40 21 38 21 31 6 
3 2
24
6 25 33 38 9 10 31 28 35 21 48 26 19 15 18 2 2 22 46 24 18 37 45 39 
9
31 20 2 13 17 21 47 3 50 
5 3
24
4 38 10 46 22 11 8 11 45 15 36 32 8 50 44 33 11 7 43 15 1 22 41 6 
7
3 13 49 3 6 49 44 
4 6
20
45 46 19 17 22 11 6 14 14 20 38 18 16 12 14 27 18 27 12 48 
6
4 39 44 45 9 23 
