857 567
377
323 714
152 810
267 818
650 445
102 321
25 138
123 776
687 606
202 49
373 638
112 595
471 459
615 753
222 276
119 372
216 431
294 311
814 673
282 180
65 390
332 679
779 240
134 765
193 746
261 156
837 645
373 126
623 212
458 116
32 211
426 126
830 544
535 708
607 7
526 758
256 515
305 244
748 685
489 114
721 456
467 727
522 85
759 395
186 630
762 300
774 96
67 212
467 295
145 4
651 457
358 273
107 480
307 833
500 463
854 471
278 651
466 470
505 835
494 22
519 568
670 403
283 304
761 71
509 132
198 97
36 295
539 279
310 351
558 541
592 560
482 57
838 389
182 430
495 523
428 751
690 277
488 704
252 335
524 354
36 247
808 408
161 683
303 689
118 799
723 835
557 732
435 724
828 121
151 123
1 657
583 214
771 74
672 544
251 555
242 669
271 342
684 510
227 129
780 210
607 444
629 373
646 144
325 537
683 367
33 651
205 645
423 622
508 393
767 251
124 400
718 341
637 604
689 475
562 496
353 361
753 596
154 15
760 22
578 571
739 659
236 840
611 159
638 346
471 120
855 54
499 805
644 160
348 811
568 257
593 650
268 252
778 419
631 661
288 852
598 209
613 716
576 389
608 417
705 20
832 381
474 56
639 427
564 252
434 99
330 582
816 472
690 160
618 437
751 749
71 660
256 498
323 519
280 600
254 465
748 613
677 535
72 476
335 438
806 362
132 453
334 137
493 611
348 767
335 255
681 722
741 475
627 172
294 556
241 438
822 181
275 776
547 719
841 532
313 301
512 231
399 582
241 24
162 802
161 741
483 745
51 800
413 85
807 210
20 753
556 619
407 283
29 857
307 291
488 450
732 626
290 640
564 349
779 817
400 210
419 196
80 136
132 561
65 221
268 842
438 650
174 100
433 817
668 63
558 748
24 648
73 239
591 382
121 77
483 281
183 212
553 697
826 78
705 461
815 777
839 109
138 508
295 228
589 855
260 690
544 816
600 734
186 438
146 546
635 229
537 171
565 241
483 522
814 111
147 226
66 137
189 763
266 789
606 705
622 394
299 800
669 356
690 89
179 791
184 671
835 155
518 636
187 206
657 720
154 168
690 847
494 572
715 791
265 761
246 491
675 443
716 9
810 447
243 203
259 645
547 665
712 76
646 1
266 767
60 65
15 612
169 327
701 85
741 229
249 751
152 478
495 770
695 444
465 449
320 354
581 797
167 191
765 220
433 609
300 527
231 206
377 686
143 115
235 776
231 610
177 804
827 473
661 755
211 420
669 665
712 289
209 77
701 382
726 811
134 417
473 342
720 428
234 137
383 756
370 778
699 60
477 821
601 196
626 565
229 351
426 837
325 728
130 557
431 757
458 386
323 453
132 438
59 704
635 573
37 761
18 682
426 217
641 215
772 348
53 419
446 709
442 689
533 845
122 339
40 38
23 404
622 339
472 171
160 466
129 552
363 191
570 452
403 849
218 641
409 293
196 230
274 178
678 470
787 497
236 766
175 808
855 6
9 683
328 841
355 492
377 332
322 746
484 823
123 655
5 271
195 286
114 6
518 808
353 582
417 478
396 746
350 26
50 821
400 132
45 259
769 108
140 12
487 277
602 199
115 29
95 694
122 679
165 188
505 397
652 496
761 339
453 261
533 48
648 31
203 348
438 296
537 448
772 455
623 18
550 2
500 160
762 322
685 696
530 74
847 190
73 522
712 51
61 655
763 702
475 358
18 461
321 582
758 798
510 35
352 330
773 257
357 749
86 604
458 781
804 180
531 721
231 87
527 213
201 242
108 767
704 215
205 41
162 550
43 130
766 353
614 577
580 722
193 651
264 194
14 454
407 829
640 48
313 483
540 147
756 857
737 465
7 461
529 387
796 502
208 743
321 591
79 255
518 674
536 612
368 554
813 856
85 306
827 164
762 285
767 629
697 809
414 749
526 587
497 773
448 639
502 674
46 420
265 435
787 479
635 721
336 788
571 580
810 35
194 346
670 750
742 546
589 603
132 671
500 594
379 838
330 288
409 639
69 739
472 733
620 202
651 287
697 410
801 38
158 16
325 328
488 800
581 782
549 689
618 24
65 700
743 613
649 566
354 293
812 857
233 174
349 391
594 658
603 436
700 31
789 144
518 264
167 587
642 151
393 553
134 143
722 632
587 636
376 322
599 254
685 28
572 270
468 411
854 704
201 584
483 342
363 454
43 281
726 42
225 24
521 360
158 838
728 112
201 349
39 621
201 48
286 461
197 484
147 15
100 709
390 242
810 81
369 536
562 739
781 720
461 610
268 19
716 24
388 24
834 69
313 67
690 352
711 214
407 226
670 592
224 767
762 708
6 2
462 87
682 700
825 430
720 493
523 452
439 262
72 26
592 844
601 122
295 8
598 420
177 719
585 42
336 668
361 25
114 512
739 449
447 741
463 351
584 314
267 204
621 515
822 660
150 421
492 172
712 398
605 468
361 779
463 379
219 761
253 677
562 16
458 552
325 399
447 828
388 560
636 720
81 442
615 204
412 193
152 798
432 199
177 228
672 528
442 286
358 252
