268 313
255
195 207
159 248
124 19
209 238
156 241
200 105
8 147
93 225
244 247
86 7
105 104
108 254
28 134
43 241
217 21
49 121
96 77
156 117
229 120
175 255
96 195
71 215
162 163
174 41
1 45
3 249
159 33
33 260
31 216
18 183
265 61
161 255
108 264
72 1
45 104
6 262
204 190
88 94
43 108
230 144
256 18
258 106
100 267
187 38
200 21
137 258
14 206
14 81
225 103
238 144
16 160
264 242
261 259
186 182
244 15
54 244
170 31
90 3
44 46
52 143
32 28
15 98
84 37
253 246
170 193
218 162
250 15
81 9
208 25
130 9
62 110
83 140
251 169
121 74
208 135
214 266
54 83
197 37
254 265
68 122
179 212
195 29
245 226
117 58
212 222
177 169
139 252
218 124
191 257
241 48
25 168
9 23
109 266
262 135
77 198
70 67
215 62
246 60
141 10
146 198
118 95
9 90
249 180
144 15
246 114
148 48
73 100
25 192
191 128
17 117
165 237
48 77
256 239
104 266
93 256
109 245
184 232
57 186
116 132
266 210
3 254
214 146
86 251
213 207
187 188
18 5
157 144
187 103
106 220
238 119
101 123
236 244
65 73
196 267
111 35
91 179
176 4
265 154
255 168
137 126
99 38
122 146
85 171
128 71
221 250
265 256
146 140
221 225
108 30
174 249
191 188
134 58
125 72
176 235
181 223
172 110
149 29
60 190
260 155
75 260
8 93
114 65
134 267
148 234
245 190
107 73
82 29
93 242
136 223
76 48
152 96
75 174
217 167
155 171
177 260
114 98
219 227
218 205
47 242
176 144
179 74
94 54
208 60
258 10
150 4
47 125
37 68
224 158
258 233
177 128
55 133
94 24
78 14
263 265
34 267
240 143
251 104
82 130
37 222
191 150
111 147
9 96
61 265
31 162
266 90
219 125
147 12
200 235
97 96
162 44
230 194
265 200
110 113
221 120
264 67
116 68
64 157
230 192
253 1
80 2
107 13
34 38
238 109
236 121
96 188
175 32
73 197
147 31
196 85
136 140
93 186
142 137
105 153
10 258
167 213
185 226
42 81
151 66
235 112
18 61
254 135
152 215
83 11
201 202
111 73
214 213
196 174
3 114
217 88
9 13
73 87
198 68
140 10
131 200
83 111
64 83
91 15
4 189
109 183
212 132
249 173
125 50
179 240
127 195
169 30
256 41
207 5
31 227
19 14
261 221
149 14
54 93
256 230
79 257
89 122
237 33
251 221
28 222
129 202
137 213
82 23
153 189
154 167
262 131
10 246
149 129
192 85
226 240
202 232
60 54
22 238
101 238
19 124
173 36
226 40
177 69
84 57
73 145
77 226
75 73
38 198
178 209
210 21
220 137
170 254
119 124
231 108
162 195
211 231
211 97
42 91
158 102
147 9
