86 653
22
71 53
57 48
69 59
45 79
22 44
80 17
11 75
7 79
81 49
45 71
20 77
75 54
75 20
40 53
77 39
47 15
72 69
35 69
37 3
71 19
2 49
4 31
30 7
76 69
17 20
67 14
24 64
64 83
17 57
66 38
85 14
78 51
56 40
62 44
78 44
33 21
65 50
78 60
55 64
1 77
24 31
31 7
70 67
47 20
19 26
78 64
2 57
51 8
82 56
51 16
52 10
13 75
18 72
62 22
42 52
41 6
58 18
25 77
64 81
10 3
38 74
64 13
20 30
59 11
61 57
83 63
51 5
34 70
84 39
44 40
66 39
1 57
69 59
65 41
45 36
23 42
24 22
69 79
41 31
33 1
59 1
63 29
70 29
80 38
17 19
83 77
40 1
29 26
16 19
29 31
8 65
27 69
83 30
47 9
9 58
2 18
79 3
16 38
69 53
75 34
67 86
15 79
71 62
85 56
71 24
46 15
29 31
33 59
74 34
17 83
77 54
45 81
28 62
85 56
67 1
85 12
43 37
67 54
49 86
46 1
45 30
26 25
46 45
58 65
45 9
21 84
37 11
53 72
65 46
40 70
40 37
86 49
34 35
8 65
8 4
46 57
82 26
68 52
3 78
21 46
84 34
56 62
19 40
12 58
11 3
80 76
84 36
86 31
52 21
60 36
12 82
9 30
22 16
79 15
39 86
3 84
22 82
12 37
24 7
52 27
36 86
15 69
1 25
40 76
38 82
82 22
58 82
71 68
53 22
29 63
4 59
16 25
4 66
63 35
1 19
78 69
44 64
72 60
58 45
55 65
52 37
68 28
7 83
84 76
82 81
78 32
23 68
80 56
81 76
11 66
28 77
72 32
18 24
1 38
20 69
30 36
5 18
62 78
15 75
60 23
82 47
7 61
60 81
1 26
54 3
67 74
18 51
57 48
85 54
80 43
76 54
47 25
75 85
26 72
22 85
79 19
83 10
66 8
35 14
80 28
29 37
10 81
42 74
65 69
43 63
10 41
80 23
54 42
84 13
69 36
26 25
35 17
64 70
12 49
21 43
81 73
8 27
37 77
27 86
77 39
78 77
56 5
71 48
58 5
72 3
11 17
23 61
4 81
82 72
34 69
20 9
8 22
19 43
44 64
37 1
30 21
19 23
39 9
8 17
6 10
3 40
40 49
35 37
44 11
47 37
1 51
62 65
81 30
9 57
13 31
77 17
22 76
48 36
22 71
5 75
57 39
49 55
40 44
71 16
8 40
76 81
24 33
36 77
49 75
5 2
34 44
15 17
54 8
55 16
22 59
29 18
31 45
75 60
51 19
18 71
19 24
21 22
67 80
27 54
20 43
77 24
27 22
75 15
36 59
18 56
84 5
14 6
30 66
47 11
38 77
11 17
63 39
9 40
46 65
7 86
22 42
56 19
61 49
34 76
57 64
20 86
60 68
34 38
52 32
48 86
32 21
61 7
53 78
67 61
47 66
86 4
30 83
19 29
18 60
36 1
8 33
25 15
57 76
57 15
63 19
15 23
59 46
42 17
55 86
74 6
57 76
58 74
45 8
38 48
42 85
35 67
35 37
13 5
11 47
72 10
81 67
1 49
42 60
71 51
8 74
84 68
40 16
23 29
24 41
18 15
68 69
2 37
21 8
47 79
11 65
37 79
38 20
66 23
57 26
22 35
84 10
74 54
19 2
19 33
85 18
65 30
32 67
37 4
62 22
26 45
19 45
77 21
1 75
58 61
17 79
66 76
41 55
9 17
54 85
65 81
30 19
21 4
17 82
30 50
66 7
57 21
59 56
38 8
13 5
42 32
8 55
7 9
79 32
14 36
7 47
66 12
45 59
53 49
63 66
19 60
30 85
24 78
75 6
23 11
83 67
58 1
65 13
45 41
34 45
19 30
2 83
81 56
32 80
10 23
57 52
80 76
50 85
80 4
46 18
71 57
62 84
23 82
2 51
14 83
68 80
56 31
2 31
35 45
24 25
27 54
24 84
3 15
20 29
14 81
66 34
78 18
54 7
24 79
67 3
83 50
30 10
67 72
61 50
71 34
85 17
14 18
51 16
39 40
56 59
36 30
5 46
11 5
28 16
69 11
28 36
67 82
8 60
25 8
64 50
49 4
43 7
49 85
23 58
69 78
72 29
22 86
42 14
32 16
31 62
75 61
69 54
81 7
47 1
3 48
3 20
3 43
4 13
7 39
5 56
57 47
16 33
64 33
75 52
16 46
69 24
4 51
54 15
13 64
25 70
25 64
9 18
26 45
86 60
40 30
82 66
45 10
10 28
80 36
30 81
16 64
12 80
48 47
7 69
19 6
68 31
25 19
79 33
12 80
48 26
69 80
76 81
63 16
47 7
82 54
30 26
24 79
57 6
50 69
24 67
5 33
84 9
42 57
25 75
51 46
5 7
49 54
12 7
12 23
9 71
63 14
25 76
35 47
66 81
6 7
43 1
34 72
71 31
64 57
11 75
68 82
16 33
60 79
15 30
27 11
45 19
34 83
51 47
33 38
29 85
49 46
60 55
52 85
51 1
37 38
77 5
42 15
4 39
84 6
26 36
4 37
83 84
72 68
45 24
76 27
75 41
44 17
15 86
35 48
12 8
72 17
75 5
9 84
80 43
80 26
49 29
76 2
19 86
73 38
83 7
4 34
69 65
17 15
34 33
22 8
16 64
7 27
4 33
54 19
78 52
67 54
45 48
52 54
25 52
61 57
77 20
6 84
31 65
6 54
4 17
79 54
78 16
51 41
35 39
21 30
31 30
66 55
8 16
34 62
21 24
47 41
71 29
60 75
44 55
58 79
10 58
19 43
24 5
67 69
13 69
24 33
84 40
58 38
14 49
26 78
62 23
35 1
22 80
81 55
80 67
61 53
65 34
3 33
4 56
15 8
36 53
73 40
72 35
41 27
