195 541
159
99 184
107 141
131 175
99 132
18 95
95 132
129 163
70 77
54 150
22 1
140 193
5 102
161 84
143 147
13 101
183 188
86 5
22 118
101 48
180 46
182 84
171 195
28 45
52 142
105 1
183 87
59 187
55 132
127 91
146 13
119 105
115 167
32 9
105 35
40 68
84 154
13 168
155 96
33 108
53 175
2 44
164 126
70 138
195 73
100 168
76 91
137 72
53 86
65 145
181 49
182 70
186 116
122 23
45 27
186 8
170 8
50 58
72 117
177 21
66 179
113 69
46 12
126 176
56 154
170 158
16 41
32 28
128 173
16 156
14 72
105 89
150 76
184 36
63 23
8 109
63 166
4 29
59 51
188 104
120 48
144 95
8 130
69 34
54 79
52 128
143 169
87 36
78 45
189 116
10 21
30 29
188 168
45 12
25 95
112 71
189 100
45 56
42 38
47 55
158 127
30 177
70 36
185 133
48 135
172 116
24 157
146 128
45 111
94 52
6 161
148 45
28 194
60 32
96 122
75 188
112 178
136 102
128 57
65 51
177 176
136 106
24 35
195 56
142 105
40 19
117 124
56 55
79 107
42 97
144 11
100 28
23 155
147 117
67 112
5 171
112 54
42 175
67 25
5 140
176 188
138 169
195 160
81 63
55 194
134 96
107 87
15 115
154 44
175 17
149 100
195 61
127 64
81 85
140 27
59 25
112 20
3 103
101 76
34 193
162 179
160 138
47 147
179 35
18 39
88 82
105 40
99 182
112 85
1 13
28 195
53 88
153 166
152 44
193 6
193 160
118 43
1 114
49 110
1 101
28 111
14 66
69 55
181 77
34 140
179 96
147 102
13 81
186 188
185 121
145 111
30 165
62 100
89 133
94 125
134 161
75 60
29 173
159 126
18 85
77 180
11 147
90 32
86 35
148 23
86 122
76 189
50 102
139 31
1 132
166 25
50 19
124 65
116 110
124 16
173 31
65 4
4 9
117 170
39 148
54 15
151 21
136 2
77 146
10 17
164 115
57 7
181 123
122 52
32 183
194 172
19 85
122 137
20 74
53 161
54 145
117 60
159 173
29 157
191 115
18 121
140 195
53 127
15 60
44 113
33 43
180 40
161 141
127 188
59 120
24 13
86 97
180 132
172 185
174 102
140 13
190 22
78 167
19 18
89 32
163 95
79 132
94 155
168 42
99 149
49 134
86 160
4 91
139 20
36 140
158 159
184 37
98 18
149 176
95 114
23 179
170 114
167 154
139 123
76 110
97 95
35 14
73 111
43 79
173 131
65 24
177 34
76 108
95 54
171 187
16 70
66 75
42 45
94 68
149 144
55 173
75 176
40 119
29 58
184 145
134 23
19 172
88 70
78 20
126 161
39 155
136 122
58 117
184 74
5 93
39 82
190 4
82 98
139 15
78 22
154 128
138 45
180 61
173 13
193 36
131 104
49 82
138 93
121 54
174 105
67 180
50 168
83 148
25 139
140 139
185 31
162 20
46 52
189 26
34 105
122 162
36 169
166 178
157 97
135 121
108 17
47 52
138 121
189 158
190 88
8 188
173 68
34 38
23 58
194 184
14 88
87 126
55 29
110 116
76 107
144 193
154 153
151 137
91 63
163 130
20 119
165 1
143 171
162 145
152 17
43 135
115 53
78 140
71 175
42 8
57 24
46 130
64 7
91 176
151 5
149 19
159 88
171 91
102 148
73 45
7 106
180 97
53 131
67 110
84 165
85 93
108 28
134 19
64 165
104 42
191 53
91 176
77 181
57 78
24 147
87 32
4 172
83 86
94 23
140 96
126 186
154 101
61 102
126 161
77 20
162 179
176 106
185 166
185 29
53 73
99 35
25 181
116 192
105 159
86 51
52 190
101 166
29 154
133 106
107 144
156 123
11 122
158 64
98 65
183 153
24 102
175 185
144 140
44 114
122 84
52 163
152 165
4 160
70 4
181 161
114 16
138 88
157 187
115 78
123 107
161 41
148 86
72 20
185 168
19 60
8 159
141 50
50 128
152 65
176 127
36 57
177 133
191 134
133 115
195 104
171 7
76 164
96 27
82 45
181 99
36 70
115 26
149 85
9 181
54 104
60 66
159 116
3 168
144 113
166 41
101 86
37 185
120 139
17 95
46 170
135 103
186 84
59 11
131 183
26 139
36 31
67 4
50 177
93 152
165 63
159 68
117 12
109 147
146 115
90 100
157 85
186 4
61 34
104 48
30 27
126 93
72 85
92 151
36 52
66 141
171 47
53 92
88 4
158 80
18 170
115 138
62 187
53 128
69 150
136 76
28 61
80 91
57 85
146 87
84 187
167 95
121 28
36 5
148 37
47 113
90 58
172 92
114 36
58 36
162 142
6 180
132 90
157 149
105 33
187 25
153 110
18 94
35 109
37 115
12 30
54 71
62 13
80 27
106 25
85 180
192 146
18 115
