976 628
826
678 834
273 202
489 105
695 417
771 698
588 62
50 438
538 124
686 610
560 663
108 395
503 185
901 911
495 841
901 399
464 401
133 909
61 452
863 862
426 536
867 304
517 22
108 49
14 629
299 236
730 191
452 507
226 86
171 669
881 748
540 521
771 446
638 298
778 284
270 220
974 167
804 944
536 951
468 529
856 105
910 570
236 354
296 523
115 602
583 726
99 817
723 84
613 374
931 928
171 122
967 399
963 514
549 802
890 741
425 682
86 509
428 438
781 364
380 968
654 347
568 867
510 175
256 177
679 71
227 552
327 378
918 238
284 780
950 573
125 189
394 289
210 186
390 139
81 15
620 230
31 627
915 301
524 776
707 470
239 546
477 21
178 943
899 168
364 581
787 123
105 881
916 268
85 355
356 98
18 206
293 473
338 664
472 945
872 819
849 208
112 921
781 797
623 726
135 189
178 224
830 522
494 391
636 435
656 814
787 22
490 535
492 891
56 335
233 858
227 317
419 371
279 263
537 791
763 759
493 559
392 840
20 805
849 267
652 635
133 239
15 700
386 795
526 643
234 631
478 131
544 687
46 81
758 662
782 726
102 575
37 514
791 14
38 793
959 182
63 574
166 414
456 960
693 102
74 400
207 638
227 65
308 647
479 124
736 167
954 916
609 322
107 713
448 955
122 867
438 99
834 863
923 320
415 178
668 877
99 25
665 554
62 224
104 267
807 196
329 751
651 834
720 526
129 799
543 645
808 767
815 470
560 920
541 203
955 570
656 872
278 838
14 525
606 580
679 866
503 718
249 782
190 466
855 738
825 258
273 281
967 17
511 44
876 731
847 282
332 103
20 523
850 5
837 287
363 648
607 527
885 698
29 314
276 536
21 565
320 583
906 222
651 258
118 826
113 941
545 241
596 122
861 463
522 825
466 39
361 336
614 646
606 653
54 649
97 520
630 557
342 410
366 595
110 857
579 333
283 44
704 629
76 685
500 406
176 63
702 540
373 609
492 235
59 249
950 300
922 320
314 312
262 91
531 26
707 222
84 117
844 530
103 355
971 705
812 488
74 225
405 759
456 559
383 670
357 694
197 49
369 364
751 62
749 491
857 739
873 391
229 211
864 932
313 824
89 220
765 369
135 624
270 414
510 307
692 661
79 909
331 962
74 359
719 232
435 48
556 305
930 239
331 230
355 513
227 381
85 961
256 799
59 65
217 365
771 634
775 931
869 244
379 848
925 124
119 139
154 65
322 493
721 546
705 916
352 35
799 584
91 315
290 343
535 618
923 339
881 355
241 927
50 848
270 915
722 555
686 649
863 328
819 441
71 714
78 691
620 178
828 516
69 511
540 879
450 879
805 331
218 892
125 953
755 76
696 349
346 840
639 599
405 437
489 122
584 164
21 433
895 479
929 565
794 709
894 255
379 321
470 786
39 558
574 467
643 212
6 811
455 323
679 474
494 450
141 308
846 648
314 274
25 353
873 337
75 255
462 904
7 136
549 824
855 240
467 858
136 40
634 857
736 949
750 871
134 378
69 640
874 304
622 316
276 177
909 534
642 288
705 545
548 456
734 343
233 505
281 10
917 461
247 498
185 920
261 209
685 495
918 471
382 678
436 11
90 209
635 94
163 36
856 809
719 251
585 512
609 490
540 17
450 662
196 681
780 324
292 360
573 376
319 4
665 673
151 10
903 484
379 954
624 604
880 205
6 61
793 890
5 117
847 971
275 249
683 643
313 953
782 684
579 959
738 446
211 265
66 893
509 572
741 50
972 773
215 859
685 455
967 767
701 65
852 817
944 452
443 548
930 195
352 77
18 50
409 54
488 783
314 603
421 915
816 814
386 317
174 759
798 461
887 762
352 337
217 364
237 65
148 51
775 827
273 163
468 44
304 807
52 743
559 385
806 245
151 957
52 223
542 392
845 394
295 385
529 749
840 615
682 519
77 352
692 273
561 31
802 703
689 217
380 494
402 659
858 237
342 523
948 19
567 355
235 463
214 304
940 920
728 594
255 308
736 566
173 328
968 902
528 636
572 394
702 892
90 450
203 680
138 856
324 635
840 564
898 462
447 827
917 160
561 342
585 909
210 296
642 928
292 937
823 845
36 420
59 92
685 112
935 547
105 541
396 241
796 726
619 577
348 168
609 839
921 591
965 719
361 689
723 383
925 369
63 898
719 610
786 829
144 734
25 217
40 227
142 342
280 422
48 659
203 175
723 235
405 772
133 881
876 952
404 971
808 251
370 930
224 184
520 583
652 424
907 203
881 486
889 418
34 471
737 535
66 44
483 699
425 225
53 71
400 884
518 705
871 670
168 655
138 21
295 973
841 494
357 430
65 590
641 343
575 197
226 250
524 799
173 43
71 367
92 661
377 273
318 419
705 178
668 383
557 869
236 163
489 795
564 421
525 636
549 491
914 200
891 585
732 45
848 205
526 158
579 158
368 778
259 695
908 146
855 23
214 751
537 238
954 934
295 252
359 773
45 228
683 701
442 578
130 492
917 884
172 547
152 961
97 545
105 928
510 358
189 615
793 789
26 931
513 607
453 674
232 597
197 959
188 103
962 309
95 92
966 366
214 853
722 318
577 430
130 886
881 163
252 281
425 451
429 579
69 855
764 141
555 808
604 898
797 902
159 472
337 14
947 708
837 678
186 497
17 752
713 367
725 569
644 874
340 213
407 556
703 262
393 701
246 237
165 208
506 700
969 603
200 653
731 241
942 875
934 621
385 228
125 13
9 924
354 794
802 292
714 678
687 757
592 643
110 824
11 220
100 970
312 845
919 724
429 540
523 83
592 330
190 422
610 766
101 292
280 197
230 114
