357 908
340
157 351
111 158
145 323
146 49
285 140
88 330
176 165
331 120
176 143
264 149
335 104
299 248
350 1
137 68
177 315
329 243
253 115
347 257
115 148
175 89
162 28
350 243
233 223
100 76
201 2
119 138
113 143
240 66
293 12
264 146
265 268
37 353
59 213
259 316
116 210
28 266
120 275
143 147
18 315
69 245
328 135
161 223
126 64
108 102
45 271
5 236
102 8
180 179
276 325
196 219
94 185
11 228
311 304
272 181
107 325
320 2
283 178
254 115
256 251
70 74
223 1
13 101
108 145
57 82
351 295
74 81
230 40
173 281
243 180
25 59
206 34
19 79
237 243
160 151
297 333
230 104
33 78
6 159
289 109
326 84
25 233
224 193
73 270
258 265
168 316
209 156
340 249
350 349
60 248
297 225
86 293
76 86
188 123
125 114
53 92
334 287
357 346
246 312
357 77
158 45
326 302
325 317
178 61
348 199
44 318
120 143
33 338
157 159
312 114
91 73
16 93
218 66
128 181
301 306
188 63
173 304
248 30
103 227
65 59
100 98
252 69
74 233
245 74
229 59
277 298
210 162
56 229
17 22
128 258
194 249
333 328
155 209
263 138
356 326
233 41
317 164
260 292
35 339
102 185
190 85
302 211
258 220
44 90
225 108
331 29
40 260
266 291
253 20
246 101
326 119
180 7
242 173
60 323
269 284
352 302
236 330
241 16
308 135
336 63
148 248
328 356
267 41
158 28
184 135
31 147
189 205
297 186
314 108
208 166
349 33
244 222
226 242
16 65
141 109
49 230
340 169
335 275
106 70
84 82
330 214
169 178
42 56
338 129
239 340
184 294
134 102
112 177
302 224
219 133
225 207
108 36
100 174
50 354
331 47
239 207
34 349
105 186
241 135
151 144
173 144
263 63
70 215
349 193
180 136
52 10
263 133
48 312
322 327
63 130
330 243
128 276
253 130
294 130
276 210
10 187
325 255
254 306
193 63
304 213
287 298
126 143
268 313
346 118
16 312
243 43
66 207
180 100
237 259
81 351
299 179
237 219
317 167
165 332
109 164
67 313
145 152
36 198
241 176
324 356
165 95
65 110
37 237
341 338
247 11
247 328
244 175
12 132
321 49
254 15
114 102
147 271
325 241
241 310
139 243
169 206
192 157
314 204
205 160
236 167
122 89
345 81
115 344
232 227
31 131
44 295
23 91
179 247
356 61
272 51
118 99
2 117
199 43
273 19
74 328
289 121
7 186
127 258
31 44
177 244
83 345
186 54
252 161
271 154
305 88
230 161
241 229
98 345
264 184
249 62
119 351
283 124
328 254
58 133
216 231
63 259
77 32
128 98
234 133
138 32
41 278
198 69
145 240
169 99
81 316
195 144
145 266
336 282
132 267
258 70
325 70
103 321
264 206
222 69
199 171
212 213
42 242
266 79
72 100
116 249
148 15
332 276
338 223
216 272
84 74
337 79
153 333
253 133
142 238
39 267
165 143
262 3
18 355
16 307
227 38
179 75
136 11
53 15
229 298
225 70
289 340
87 302
268 208
243 311
233 303
108 261
280 327
167 348
108 257
326 357
337 315
72 308
234 190
206 328
204 350
32 202
168 131
251 6
247 232
92 143
129 68
178 257
336 227
11 236
14 212
349 214
110 350
308 185
313 100
41 23
48 146
336 296
287 328
163 243
218 106
270 338
281 20
276 41
34 188
94 5
242 98
10 54
103 21
31 122
177 234
346 12
94 13
275 256
136 88
164 282
221 184
295 160
26 223
131 110
13 309
54 236
261 329
249 68
135 344
198 160
95 151
277 157
259 117
148 167
285 352
339 50
237 30
279 262
4 85
44 199
81 300
82 253
80 113
216 192
140 295
339 51
239 149
59 21
12 207
240 259
1 262
97 152
338 176
317 139
69 309
187 79
296 295
355 209
320 312
148 283
142 320
287 225
90 5
48 193
4 321
274 279
80 344
133 268
55 262
160 278
293 318
261 344
3 241
147 237
253 92
261 350
46 173
134 133
206 348
139 196
51 41
181 210
36 338
109 312
202 54
154 92
192 147
266 329
64 349
22 290
24 216
140 72
19 277
163 298
78 101
135 281
149 264
251 174
24 213
346 114
11 129
55 47
173 145
171 197
344 236
317 293
349 288
115 303
278 280
178 199
172 270
313 39
212 63
227 28
182 141
158 240
312 74
102 14
352 54
124 286
201 80
125 14
3 201
323 283
267 199
141 116
285 253
244 357
233 348
210 305
159 112
292 332
51 82
262 347
310 189
160 190
239 41
323 203
1 114
10 325
342 323
311 335
73 335
119 293
215 54
34 7
207 285
42 160
20 254
277 65
267 140
349 316
238 204
10 296
9 291
336 170
331 311
151 322
185 338
347 217
264 120
106 28
78 15
130 350
180 154
108 140
295 224
332 44
222 78
270 247
209 82
254 37
225 271
130 215
80 27
99 21
55 280
48 237
220 125
336 171
150 344
143 279
238 315
58 27
159 270
314 332
240 29
166 79
87 205
127 99
83 103
269 255
282 222
234 67
138 154
273 132
231 284
306 40
7 278
188 165
120 177
242 311
288 143
43 323
168 219
184 46
216 176
62 3
192 282
301 117
276 262
168 301
355 186
157 313
265 258
145 322
146 184
11 223
261 103
10 344
179 249
41 177
243 111
50 264
61 209
319 121
90 304
250 301
60 62
207 221
297 344
89 288
87 42
253 191
107 183
245 186
273 47
12 308
139 181
40 51
275 16
281 247
80 126
46 116
148 254
260 85
19 5
138 337
54 170
168 284
97 288
32 217
88 305
259 293
181 57
55 89
93 270
211 239
308 339
82 323
174 281
181 171
341 76
260 118
322 224
69 347
157 192
164 339
306 151
253 298
48 270
277 326
314 57
257 253
170 304
148 206
176 143
292 189
66 168
355 103
209 69
85 190
91 3
252 254
307 270
279 196
252 265
158 257
78 124
169 257
187 293
344 68
24 286
224 26
164 260
272 89
283 120
180 29
55 148
225 73
357 284
284 91
316 84
156 39
96 321
112 88
197 345
106 329
88 348
266 276
32 312
183 304
323 107
121 71
50 11
61 70
338 333
114 329
240 118
157 182
311 6
105 81
325 294
338 325
323 238
179 258
343 23
132 342
260 44
33 59
225 99
206 210
314 89
80 179
227 216
200 61
138 318
195 345
40 91
6 81
73 322
285 129
267 148
26 25
326 31
237 146
172 328
316 105
219 42
85 162
147 306
21 291
295 55
261 288
343 51
8 30
95 18
251 195
161 325
56 87
242 291
313 148
334 32
85 159
30 175
233 111
316 130
322 108
153 123
172 53
192 229
159 284
294 304
297 223
36 134
187 58
35 315
345 255
18 123
248 123
265 221
8 245
67 291
237 333
339 300
126 22
113 234
113 22
143 282
84 196
322 139
144 67
298 351
35 282
308 1
68 344
132 250
336 253
139 116
258 206
140 156
270 220
70 346
303 122
295 333
14 315
262 168
93 116
141 33
330 120
17 244
9 351
106 74
21 18
87 77
13 328
217 72
37 28
65 140
17 302
263 181
64 280
132 174
333 77
210 100
198 309
146 178
34 199
101 233
319 230
320 116
217 150
108 185
270 230
193 154
305 71
231 244
238 248
339 254
315 61
39 329
117 238
230 315
39 27
189 96
112 185
165 115
104 351
350 351
236 84
59 63
12 49
209 292
236 284
253 244
220 103
293 329
267 25
193 166
271 121
45 23
43 69
226 181
329 175
274 329
41 155
328 298
58 272
54 126
347 40
111 16
234 81
143 349
239 210
206 143
170 223
57 332
3 322
173 337
39 188
30 311
166 293
298 146
117 269
321 210
149 58
80 83
356 26
149 92
130 179
261 210
207 164
79 160
318 222
139 46
94 295
334 17
66 122
21 100
186 72
63 164
94 224
285 261
284 117
202 150
134 154
343 218
200 170
266 85
234 229
75 34
54 335
105 216
280 300
10 252
248 331
49 140
122 298
303 284
153 3
140 315
169 65
268 32
92 165
196 152
281 77
79 152
304 278
31 325
232 179
24 175
220 308
233 250
342 87
261 64
78 286
311 121
45 351
352 54
