269 626
33
206 167
48 111
52 9
215 253
183 216
158 185
160 153
27 132
239 42
215 54
266 252
94 15
130 224
152 257
258 187
181 8
97 12
162 254
224 183
133 119
172 266
158 237
19 26
133 238
85 223
202 212
49 117
143 169
6 30
84 32
138 190
229 257
166 231
135 111
67 135
268 259
51 34
122 128
123 194
163 268
267 136
16 53
13 120
126 49
3 87
28 208
104 11
26 230
47 256
114 132
167 125
136 117
176 111
178 190
189 139
120 20
239 259
26 27
69 111
216 39
183 71
250 132
8 233
263 149
73 82
234 100
41 201
117 55
53 2
196 18
114 35
265 241
142 211
133 22
255 212
214 252
253 48
247 201
140 124
130 206
72 240
182 135
91 170
162 187
6 100
18 193
150 116
49 163
87 1
90 114
257 199
97 15
203 124
4 241
263 251
110 32
72 106
212 168
82 4
102 132
206 15
58 173
251 17
228 101
213 166
221 181
1 33
13 64
251 78
184 206
112 229
142 205
11 103
4 152
50 129
101 194
235 74
247 161
20 262
241 115
55 89
2 58
195 147
47 143
59 266
178 170
16 175
38 253
230 144
234 44
116 127
161 208
143 130
243 246
158 161
8 77
49 201
266 219
97 152
113 219
186 25
202 261
12 237
64 92
169 140
261 247
22 187
51 102
170 208
123 233
252 10
79 90
150 165
25 245
245 171
95 39
160 35
217 141
73 238
234 149
22 20
67 255
140 258
83 84
175 139
29 159
75 26
65 151
263 80
242 267
109 95
140 143
269 58
105 121
58 201
116 104
13 231
244 261
188 54
123 215
167 40
31 211
97 191
193 65
24 2
260 234
233 182
177 53
250 125
162 261
148 182
98 249
103 160
65 89
44 190
238 148
166 49
165 218
199 125
191 94
172 35
223 3
213 161
85 164
55 84
105 88
38 31
68 107
102 75
228 219
21 134
178 267
136 240
173 212
153 96
141 69
45 157
109 147
241 25
78 190
170 152
17 11
114 140
148 133
10 54
185 248
138 136
200 259
29 236
197 210
56 72
94 239
208 245
39 46
69 216
175 30
38 28
208 27
150 53
13 53
256 136
11 81
36 256
267 36
22 117
177 71
134 191
159 171
152 182
266 20
266 143
198 50
180 189
228 203
7 210
65 90
75 38
65 103
217 120
41 107
116 109
19 265
158 16
39 215
31 155
220 63
215 25
265 19
157 264
42 52
250 240
161 165
12 49
245 17
203 75
200 118
65 266
102 31
147 94
100 67
24 84
249 165
37 168
129 202
200 165
103 81
248 190
81 194
220 63
192 240
130 211
130 93
241 72
252 60
171 20
237 73
157 131
142 124
91 27
30 91
254 91
234 2
32 126
227 68
24 98
42 87
10 246
18 93
128 173
178 212
256 215
213 18
112 4
159 140
170 194
259 221
42 229
235 240
212 227
132 236
57 200
244 204
50 35
73 190
234 226
237 69
72 68
200 48
211 168
120 128
102 68
30 133
242 241
73 167
235 198
51 13
173 137
42 221
19 114
37 98
171 257
166 119
269 93
210 151
185 165
110 154
63 266
231 204
170 108
49 152
181 204
25 219
238 228
229 92
153 52
164 22
68 213
17 209
105 117
218 220
87 201
92 137
49 3
187 14
238 45
25 161
93 15
18 26
33 207
127 48
103 54
206 18
254 119
142 167
159 64
210 124
11 81
79 132
96 244
126 5
179 7
116 218
32 118
245 91
56 66
109 134
189 3
128 56
81 140
89 206
198 171
26 256
65 235
70 159
114 256
142 96
30 136
168 60
141 57
49 91
141 31
242 84
83 61
93 72
80 125
109 260
209 53
15 126
161 165
134 70
146 220
169 156
237 204
227 106
214 241
106 200
168 86
187 96
141 226
99 53
1 83
127 199
74 249
244 178
93 230
98 9
257 96
7 31
10 35
185 122
18 41
210 246
220 95
85 79
77 204
137 75
199 143
110 133
116 198
111 201
120 204
49 55
238 263
208 170
217 209
162 201
14 22
2 252
233 247
198 118
209 166
39 110
21 105
6 75
114 212
3 250
19 87
111 238
244 214
37 100
247 90
243 4
215 202
70 249
209 244
156 256
207 144
219 174
264 79
82 137
209 233
87 13
242 174
138 106
255 91
259 230
77 42
247 177
203 210
26 191
237 160
55 92
139 179
204 23
228 202
213 202
112 122
145 169
72 75
165 33
109 233
194 248
237 260
203 79
51 196
256 111
75 71
227 91
196 99
141 89
58 115
80 88
152 226
35 165
144 187
203 37
114 244
63 153
240 197
269 225
207 72
203 6
167 13
186 149
196 40
118 4
55 24
44 168
140 170
195 109
157 32
45 268
168 96
104 145
201 15
43 93
185 261
219 24
132 131
137 7
73 228
216 28
13 191
259 56
252 138
136 228
225 128
19 202
3 188
261 263
47 260
182 258
15 10
227 151
218 93
80 89
179 118
114 53
3 230
181 158
136 4
248 209
36 138
102 257
44 188
266 3
59 168
225 257
179 246
78 235
28 142
127 121
87 247
8 44
53 81
176 178
138 216
189 89
96 137
252 164
74 17
117 106
170 35
244 94
82 199
104 45
143 260
262 128
188 241
81 46
230 173
239 248
39 122
182 238
207 125
269 237
13 120
143 92
231 109
106 263
188 187
212 243
125 97
195 228
29 145
169 143
112 87
183 252
47 1
77 11
120 216
154 140
201 71
50 15
1 153
162 266
106 134
24 232
3 42
20 198
234 27
65 233
224 201
154 119
229 153
89 196
220 197
75 79
161 256
184 220
59 52
145 15
269 132
75 93
91 185
10 59
