234 853
212
67 29
186 89
177 212
81 168
180 42
59 10
136 104
201 221
180 17
154 113
63 54
10 120
7 139
229 78
134 167
115 95
146 140
84 217
92 222
30 102
117 36
40 82
134 138
56 106
65 104
215 48
15 71
42 114
189 9
196 234
148 75
167 148
19 152
234 142
194 14
101 57
31 190
62 29
198 131
108 197
70 165
220 86
86 233
147 82
207 161
122 227
130 132
36 143
103 135
175 162
8 213
37 98
26 107
50 144
182 40
146 8
35 101
172 128
147 18
31 41
104 199
78 93
104 167
41 209
119 39
207 111
160 229
47 179
173 125
78 176
91 148
175 116
88 113
47 229
148 161
109 106
204 170
230 213
84 74
137 186
203 175
206 35
162 176
169 73
21 198
111 131
224 13
84 180
197 177
231 108
95 155
64 184
150 53
171 33
138 112
207 163
167 132
174 228
30 180
86 116
19 99
196 103
83 189
217 79
215 64
222 152
27 100
221 222
14 9
172 150
50 121
2 188
210 143
164 225
4 152
46 167
118 50
10 202
108 120
178 100
102 74
228 177
145 113
30 185
64 137
202 212
8 171
60 144
75 14
81 173
37 224
125 24
137 35
90 137
133 63
179 165
192 41
132 47
52 31
136 11
186 48
28 175
232 3
194 95
34 206
202 124
177 37
117 162
16 156
109 173
67 128
93 28
179 94
84 101
140 123
34 138
29 220
67 79
175 55
15 214
187 112
182 97
144 134
136 151
99 178
83 176
209 199
124 224
234 24
75 123
105 23
233 179
163 150
195 158
66 64
10 225
168 146
191 33
90 123
120 60
206 39
129 40
26 88
89 118
151 161
87 124
182 18
99 112
197 78
11 54
159 151
178 44
55 24
13 32
127 94
190 53
201 186
37 106
160 234
50 182
141 175
173 86
108 95
15 3
61 215
65 9
83 159
95 18
120 114
165 35
106 44
133 46
211 208
124 179
57 41
105 48
17 134
153 10
96 95
37 6
72 15
144 12
138 76
29 204
10 221
14 190
8 145
23 234
59 192
11 205
36 158
230 2
171 76
54 69
184 68
73 24
77 84
136 97
145 80
99 14
232 107
150 81
184 205
150 33
213 172
158 31
97 40
31 156
170 96
31 114
45 210
178 228
193 177
224 20
52 234
74 84
141 186
11 184
143 139
15 71
172 149
203 198
219 69
181 105
103 19
64 178
120 159
199 158
125 1
57 67
15 36
104 146
150 155
31 99
12 161
126 203
61 192
132 222
84 45
86 193
14 158
15 137
171 100
154 69
184 117
231 196
77 52
82 5
55 112
124 137
59 156
4 120
91 6
178 176
206 170
9 195
103 77
186 15
220 203
122 94
139 167
106 74
83 32
87 176
20 151
151 226
132 119
171 192
180 25
180 183
174 44
97 58
140 56
185 227
222 191
118 194
151 209
125 194
98 76
180 201
40 22
117 122
94 117
90 74
8 69
12 111
74 181
186 140
114 8
142 78
183 233
233 5
8 175
175 234
174 227
11 227
219 178
171 128
143 125
52 76
227 165
180 208
34 175
15 149
17 36
3 87
46 108
23 53
179 41
16 29
211 99
28 19
98 120
4 129
34 4
134 107
188 34
128 100
10 72
217 232
3 169
122 114
137 134
11 169
67 51
99 26
140 166
116 181
153 106
68 71
233 134
229 163
83 207
137 186
116 45
223 145
62 190
177 142
71 154
155 90
42 210
196 68
100 119
39 4
97 150
47 220
219 171
143 43
109 26
30 231
69 11
88 224
49 118
42 8
21 129
107 212
5 106
68 39
213 166
179 94
223 54
109 172
159 11
61 82
42 21
197 206
119 203
209 25
137 89
111 51
215 206
166 147
58 22
52 69
166 161
96 51
142 200
206 133
137 61
224 75
166 19
187 89
52 182
209 220
43 106
100 167
197 131
84 85
196 176
123 21
223 22
203 215
82 174
101 121
218 173
139 161
67 60
72 214
140 127
199 58
91 231
88 89
119 16
177 187
112 213
215 11
79 131
101 139
3 50
75 16
186 134
118 105
100 135
76 140
79 216
158 230
144 172
79 63
226 137
210 63
71 134
213 25
37 145
68 82
231 17
10 211
46 142
86 25
220 104
116 148
45 8
202 95
211 192
152 188
113 163
208 203
143 8
48 28
25 31
152 79
159 229
57 139
100 231
47 94
69 136
189 162
42 93
122 112
132 193
88 109
5 61
150 197
91 170
9 91
167 9
160 69
148 193
210 193
195 53
189 234
206 76
127 4
225 218
211 147
38 72
227 36
24 188
153 197
82 198
139 82
158 182
18 118
41 214
147 137
105 139
186 15
55 158
33 148
36 116
91 147
90 104
141 170
110 158
95 29
23 38
39 145
229 188
170 11
19 58
177 86
138 37
181 84
25 190
51 127
20 82
72 186
21 6
22 216
203 187
183 234
186 168
196 219
15 132
154 150
27 82
161 202
46 64
45 182
159 15
124 174
113 127
49 151
219 178
71 47
76 211
111 35
2 83
203 125
221 184
29 225
78 63
161 39
215 211
4 107
123 120
93 47
25 196
149 162
4 65
138 174
132 51
150 83
9 83
141 228
119 120
32 70
172 178
151 60
163 205
133 127
155 1
67 39
184 193
187 9
226 57
143 231
167 162
105 66
162 213
61 3
222 64
24 106
42 92
25 125
62 89
95 210
198 32
99 95
199 227
131 37
104 143
9 49
28 121
224 179
3 20
49 124
148 189
39 30
208 124
149 215
9 158
131 67
205 74
106 145
222 176
33 164
200 178
45 152
233 16
119 160
157 132
156 35
150 213
151 36
193 131
152 101
106 142
160 171
154 31
7 165
162 204
81 174
109 126
112 189
88 5
60 210
149 219
233 184
60 76
2 20
37 71
174 162
36 7
108 68
195 168
110 216
188 16
153 175
167 20
175 129
205 103
173 114
140 148
221 172
51 49
60 71
172 137
67 73
121 46
190 38
160 110
91 211
37 11
143 43
231 93
37 202
78 106
167 63
218 124
181 110
219 43
16 28
213 136
132 172
190 165
138 40
220 104
226 12
13 210
158 126
159 34
110 226
30 229
95 7
71 154
138 61
112 9
3 28
52 100
206 217
12 84
28 177
163 118
212 4
141 58
177 142
23 49
135 58
79 100
212 191
42 175
86 126
188 230
18 109
181 206
66 140
25 135
215 207
34 173
191 185
89 202
81 12
211 93
110 2
63 166
166 59
17 190
132 10
69 81
110 193
199 137
41 102
123 221
130 109
1 77
58 29
66 112
93 21
180 47
216 16
3 8
215 39
134 105
6 112
103 67
45 22
31 12
184 28
125 42
232 208
10 186
52 10
170 123
223 150
181 122
78 109
177 218
119 209
26 220
123 5
26 19
17 146
183 52
66 32
227 197
27 13
189 32
181 8
147 153
21 24
25 107
54 33
203 187
215 214
168 110
2 139
44 62
163 208
5 163
154 14
226 15
125 30
62 201
206 221
77 29
88 2
25 139
178 33
114 216
85 5
142 92
162 110
56 154
80 70
97 65
148 217
200 225
88 181
82 213
2 232
60 189
133 65
206 123
198 90
177 131
218 195
54 24
129 74
34 126
141 227
22 136
82 47
115 87
150 140
234 139
187 182
43 149
177 82
40 62
1 71
40 36
227 79
108 17
191 39
14 101
87 123
15 22
42 229
44 7
180 181
18 79
134 97
145 197
62 24
229 42
30 119
182 3
180 142
148 51
123 217
202 95
98 79
207 181
53 202
191 65
205 213
81 94
194 26
144 81
155 195
191 93
188 8
28 230
95 194
48 178
229 110
30 175
127 60
72 160
213 109
136 115
99 144
126 87
