246 77
84
173 144
34 199
181 154
56 94
46 242
41 169
102 88
99 84
21 148
1 50
95 151
140 41
81 137
146 15
140 197
4 81
54 126
9 15
216 122
155 99
86 45
133 129
46 31
99 226
189 231
229 18
223 155
214 186
123 172
102 110
9 60
82 138
156 92
20 73
152 162
185 195
165 175
65 108
50 132
177 180
94 63
161 78
26 73
214 41
199 242
120 104
84 141
179 107
177 202
67 43
124 238
176 180
64 233
189 49
59 12
32 148
86 231
194 83
84 139
8 156
47 153
65 89
228 106
193 34
240 204
104 20
22 184
16 145
7 242
121 133
175 227
34 233
115 61
184 120
16 139
8 92
29 14
