999 972
161
217 391
908 107
883 887
359 864
798 50
810 370
10 292
108 454
45 208
325 704
984 397
597 392
403 638
199 38
554 679
953 797
202 231
234 544
263 672
294 816
985 866
344 229
869 471
364 598
887 416
998 652
666 891
626 524
657 76
695 121
714 783
32 48
967 324
810 894
708 273
780 852
400 761
247 785
688 883
792 339
657 925
313 508
575 202
981 392
806 732
699 491
969 995
863 786
522 936
851 896
848 780
108 948
353 508
931 964
935 505
561 303
157 774
644 327
928 987
576 21
377 570
367 742
64 743
956 85
254 545
263 988
984 457
348 487
334 778
712 693
512 449
667 424
622 538
162 483
513 996
450 761
603 36
172 11
740 48
547 141
989 166
591 980
854 978
858 397
491 689
9 82
958 301
613 709
396 319
814 251
222 997
495 94
247 239
62 276
149 655
223 666
254 950
996 681
534 209
129 763
428 126
853 801
554 542
610 787
776 611
147 770
244 70
395 74
363 513
35 218
81 958
565 927
443 735
895 430
530 340
88 396
306 228
791 859
273 177
485 650
940 568
587 528
101 231
832 143
589 362
285 142
339 927
839 405
708 970
921 310
837 306
294 971
451 245
633 467
542 137
861 683
669 251
287 883
232 471
182 935
143 685
397 906
412 451
887 825
779 44
247 744
652 712
187 956
573 586
240 924
713 997
732 208
176 116
106 193
632 313
765 962
745 95
996 730
825 916
55 15
825 290
769 11
370 979
496 897
706 580
826 597
229 71
966 480
924 682
377 35
407 262
934 588
880 741
51 624
773 145
78 446
303 117
975 314
310 85
312 737
829 909
892 224
66 948
958 873
923 144
81 639
497 15
157 970
511 234
883 899
325 70
462 946
514 251
876 267
434 720
166 33
559 38
155 534
707 673
838 369
915 181
731 589
447 773
749 876
199 511
586 181
827 195
151 179
212 881
245 735
859 934
390 392
619 164
350 216
27 848
965 810
66 766
522 938
628 560
79 478
359 899
746 520
856 882
187 50
827 86
296 287
778 385
876 866
880 897
677 884
571 86
760 243
938 959
632 436
391 189
72 679
994 794
219 251
778 177
901 542
965 395
917 718
746 600
175 799
948 92
433 440
504 906
509 208
562 536
434 875
363 6
590 203
428 220
429 801
97 63
502 202
607 456
351 61
68 742
221 593
879 521
934 386
228 528
824 728
252 847
638 330
534 940
370 151
856 888
583 854
163 238
518 934
838 796
35 119
535 760
16 196
827 592
833 387
712 319
506 480
581 190
772 429
12 395
783 301
299 828
730 649
686 872
727 305
859 263
318 10
87 870
17 357
687 785
799 686
464 143
146 608
27 214
115 910
847 385
288 979
756 705
505 156
201 417
257 472
359 600
830 867
826 313
431 778
690 259
567 132
128 19
224 707
439 59
704 160
795 678
804 541
547 337
208 654
891 366
191 381
314 837
181 130
752 390
8 759
624 559
185 370
733 236
437 805
511 285
443 153
770 115
510 403
871 336
827 613
110 844
118 3
997 750
55 547
40 458
398 813
987 604
713 482
737 517
14 512
847 258
612 318
605 116
1 120
751 107
507 753
504 641
899 571
839 255
612 91
180 264
552 695
20 430
880 545
610 472
888 476
264 518
145 718
723 878
566 765
968 304
844 803
916 141
473 704
689 786
778 222
994 418
172 264
270 378
90 1
705 762
182 571
677 439
134 836
561 284
765 214
547 214
774 86
482 137
178 360
572 282
717 872
470 682
775 620
31 267
842 52
585 168
644 673
893 855
832 419
860 323
101 725
171 79
91 143
324 593
937 694
581 235
540 639
985 979
645 350
593 371
776 25
308 537
879 617
104 148
271 841
565 94
169 428
39 874
446 470
263 469
421 250
880 667
544 38
566 170
700 810
456 677
855 335
984 638
701 33
956 460
409 891
273 521
84 937
80 384
103 737
878 861
914 101
127 56
383 726
162 845
474 848
959 481
130 264
304 371
522 746
253 364
563 737
690 996
673 873
469 861
15 811
413 222
867 562
963 43
673 484
388 731
927 73
145 654
62 171
200 94
281 466
622 769
951 296
229 465
676 161
567 762
474 498
17 955
470 763
863 391
271 433
494 758
491 10
105 381
357 109
726 78
607 810
738 796
705 965
358 817
805 496
394 101
218 278
131 646
784 964
130 908
378 788
569 576
641 924
641 343
912 702
892 129
166 199
541 954
522 326
317 267
660 877
586 876
884 927
999 706
119 440
569 809
642 297
486 78
780 693
830 180
969 813
165 564
368 800
394 600
355 89
312 731
162 139
378 609
812 905
240 149
340 837
422 51
240 191
592 877
440 844
45 443
277 265
728 831
720 793
578 752
487 931
377 28
935 960
360 975
205 901
645 998
254 920
220 48
20 959
246 522
278 502
356 583
166 901
451 588
262 305
908 267
722 852
817 758
721 917
536 57
442 206
868 810
49 505
50 788
257 734
980 236
522 391
733 284
555 159
892 546
799 726
460 482
128 40
619 675
659 475
234 965
215 860
655 970
576 380
995 407
702 517
494 595
600 355
638 660
639 991
413 671
354 724
406 682
985 485
937 749
798 849
971 958
148 640
155 493
618 771
728 211
297 773
179 60
284 889
130 531
835 513
767 159
817 441
65 45
959 730
710 602
519 603
532 196
198 867
79 522
881 572
495 111
322 266
866 777
459 32
538 665
76 146
311 507
310 574
525 422
298 836
833 714
228 886
661 966
978 61
336 773
317 990
778 981
416 427
984 43
824 655
464 862
868 659
254 337
877 967
965 251
562 806
51 421
495 162
253 212
527 825
906 574
400 515
784 250
807 872
613 910
360 536
395 719
893 333
357 718
911 612
790 723
202 477
713 119
244 236
970 196
206 74
395 728
517 513
339 529
918 28
76 150
841 194
776 173
20 901
693 605
525 868
922 279
8 747
525 376
185 527
320 896
958 79
796 442
914 761
200 658
867 306
597 769
207 460
560 159
656 268
497 826
386 367
641 635
285 615
890 139
654 874
701 461
367 914
876 85
522 654
180 580
305 312
922 218
756 548
519 445
334 928
785 783
960 74
286 276
862 195
52 420
20 780
555 986
102 551
447 824
999 140
953 687
669 360
425 554
299 198
500 260
59 355
753 54
669 971
91 176
599 852
456 950
931 841
349 411
857 405
122 332
211 657
250 839
190 391
485 533
547 324
353 626
213 930
523 392
528 362
945 750
222 674
649 724
531 665
173 718
921 602
623 329
145 799
575 454
957 31
940 776
816 696
24 677
901 775
22 271
784 761
680 18
462 540
734 827
433 936
568 938
708 560
202 886
870 928
578 562
507 971
773 975
536 677
457 461
724 340
520 162
927 744
748 24
945 551
427 814
282 29
480 523
740 587
867 573
720 195
461 339
478 736
883 976
325 341
509 421
192 723
291 240
404 946
576 50
779 908
928 535
435 134
911 574
546 363
2 143
909 756
596 256
113 762
29 26
171 332
87 301
146 989
446 931
921 400
242 821
7 875
604 869
939 874
829 678
49 755
840 456
912 669
859 446
906 78
523 985
936 549
301 808
660 420
666 339
879 199
756 7
844 489
858 412
867 852
81 842
235 470
565 605
382 155
41 504
925 384
662 469
721 274
383 853
533 136
886 412
115 910
176 271
788 673
131 26
670 577
666 534
405 728
657 886
749 37
922 522
696 115
757 149
396 814
480 732
690 692
225 315
163 638
979 682
392 978
435 246
312 275
886 649
703 705
724 136
178 49
19 100
775 901
165 287
490 507
279 593
628 974
124 674
147 631
475 656
822 739
430 81
98 161
486 657
342 132
360 387
343 324
273 489
57 158
647 220
395 306
687 512
732 255
833 680
908 597
54 417
64 419
992 248
690 165
751 318
728 764
253 179
418 422
30 125
365 53
26 185
262 679
853 261
819 411
924 836
147 538
696 525
770 695
761 460
414 623
390 238
849 338
596 86
531 995
191 760
427 729
473 677
30 704
521 596
971 522
12 438
274 175
605 773
794 710
478 412
208 434
896 123
308 708
549 582
432 735
72 11
583 686
793 759
175 805
785 278
558 546
613 541
751 302
269 703
880 279
816 204
452 537
761 89
631 603
322 576
479 967
350 233
362 850
493 736
431 749
185 757
862 352
304 363
60 943
806 147
869 622
436 751
626 471
6 430
140 427
163 580
602 923
489 189
617 817
183 758
453 817
604 45
782 922
180 545
529 779
937 378
848 937
420 838
707 975
337 263
825 838
648 14
723 368
134 849
73 674
531 603
567 893
961 846
669 795
833 763
86 200
682 536
899 864
266 17
929 191
847 935
60 107
685 332
900 878
36 698
855 327
814 716
258 829
5 937
165 324
402 985
388 929
176 681
237 785
413 304
712 440
