17954388074460
22208461895777
31779331268325
26013376867727
31321287907290
36613271102710
29016906558728
49719458524276
17495865856507
25544715710654
42524985273580
52305033263660
33271293428167
41972652148131
40756775173777
42953581212820
48430415541025
35395278805875
17028093140788
21871877344144
53756968024246
35129463411668
44000833048757
43331220322469
50342000607716
13300774505917
22479321763767
48278146441847
26263781748453
25700855567172
38106546605734
15639716649925
37365559006679
27176780545512
33590486575420
26899425507614
26853792744022
37647598721624
46818176814089
26647761329604
50251979012209
14074442350953
22574430738946
40774079080353
27701608527377
37304295623867
32750156023369
34256140241311
12783869694706
47110989578471
36292602477621
21165978111767
42125781276004
30274006981924
16453285611355
40785383297726
49980879836667
19275676431273
20833858192396
24272970282422
27742958484938
34199622871431
15462274419527
42254154563668
28540746645245
49022525672874
24223297435155
8681721586462
43999847491313
21961357034660
33330647691400
45452747444063
27795792075956
6805547245657
27672311935794
37694357030771
20590291309872
33105806245563
45676557407529
18661355590802
40484940592022
22324869869600
30428594756830
30142443254844
25585648517300
32390609523375
49382855389401
14217856209026
48764330125663
12273768887097
34974191497096
15138266059802
14255772774887
34456752244889
19384127246427
40269330490197
22456368285433
32501301311088
26884726671160
39570984975854
