897
960
941
440
611
487
631
742
796
997
1415
5517
423
28717
660
5305
3413
767
974
768
890
1000
959
658
829
501
402
722
424330
744
572
1270
351
98
148
931
536
507
69
721
357
748
815
456
504
680
719
607
771
1757
781
1798
939
860
1573
513
333
615
918
320
83102
9180
757
140
4111
677
447
393
856
545
771
288
474
447
527
553
486
352
400
984
459
785
723
313
694
929
775
747
276
635
714
642
662
2941
939
669
616
1030
95
778
698
685
299
844
1132
845
439
313
327
767
5707
1143
574
724
51588
555
335
973
864
931
581
906
656
474
494
667
238
338
171
874
403
133
724
728
1227
406
428
530
733
5250
216
371
580
1666
185
967
876
2507
370
197
9209
1811
315
735
558
469
514
2275
644
94
884
281
739
543
605
410
704
352
1345
1372
896
1172
892
670
3440
489
805
5941
378
586
1525
810
211
219
892
691
702
1942
741
465
268
989
3161
1698
474
586
861
381
756
543
9783
512
521
178
432
767
646
417
15344
3274
767
981
582
436
1823
261
608
27846
735
1385
997
484
610
3390
253
1161
363
893
763
367
1583
751
681
299
745
1175
276
885
315
467
507
864
790
841
671
425
577
727
932
576
325
266
1008
5110
605
678
918
27
1551
188
266
610
682
598
706
504
210
719
1309
177
783
434
565
541
667
448
811
745
1662
861
703
20691
889
612
239
228
230
442
1113
1081
869
384
459
3133
906
374
739
903
733
694
401
719
415
709
520
723
692
680
991
459
670
532
1095
800
745
326
323
766
198
816
1133
661
4180
625
754
357
227
782
988
530
711
562
135
845
914
1399
455
1480
1047
436
927
762
757
639
993
776
375
446
1341
283
736
346
439
489
624
725
1107
974
498
766
1036
6886
41
796
755
971
998
911
602
725
365
566
246
844
750
872
823
1067
999
458
2005
3305
764
278
435
229
868
320
905
577
2365
148
464
822
972
817
736
696
982
4053
128
479
1190
727
467
815
1092
299
727
596
684
4882
649
1600
241
772
1482
828
641
141
911
378
9473
7194
484
6567
558
907
3151
587
29127
18
154
1094
1447
2062
959
4474
674
948
603
501
878
885
443
528
886
2047
599
634
525
922
1815
245
870
579
486
873
967
922
834
550
219
831
1681
2309
690
735
281
530
515
655
753
147
537
373
876
813
844
2568
738
458
751
594
594
281
698
515
307
438
805
988
876
660
644
1918
397
926
488
2664
565
288
739
521
711
105
553
680
529
474
1654
648
1184
586
930
135
1234
737
547
1951
27881
786
818
469
502
1495
1090
934
807
569
526
837
772
6985
403
891
882
355
6528
240
639
626
1073
290
1655
1153
84
636
951
83
1001
406
664
1642
760
667
781
759
953
111
632
378
534
411
686
3558
798
718
962
561
476
233
209
221
225
968
433
1979
971
389
182
307
302
998
718
996
498
3033
6174
325
764
101949
501
249
34558
708
716
971
677
2796
606
456
558
583
370
247
420
601
287
1059
3251
774
754
743
428
503
988
1749
1725
961
532
469
71
1226
697
976
746
150
781
330
581
913
2225
778
576
513
630
1169
1481
529
23900
353
1603
248
675
1096
16867
878
870
506
575
949
184
490
73215
486
1472
813
243
781
1898
659
553
451
819
420
1692
916
469
846
211
890
861
853
464
388
614
4985
709
891
784
583
944
184
998
809
671
704
587
912
502
1674
778
904
279
492
490
784
782
795
644
609
858
738
564
114
362
1614
279
1780
303
798
974
520
694
680
642
832
4311
408
639
689
666
799
2681
957
917
733
1445
474
653
211
364
879
966
757
496
279
767
819
637
560
57
4497
802
2568
6716
420
2804
3428
1111
629
796
919
8050
498
384
856
2300
360
437
506
1274
1003
725
941
1529
805
597
636
1027
397
4614
756
746
171
837
908
404
706
937
332
992
693
941
715
1617
672
267
855
711
953
903
992
338
1865
368
589
858
362
354
505
353
406
721
808
1208
889
795
126
534
505
483
458
617
195
289
235
852
334
275
1095
752
883
145
758
456
495
435
997
523
1155
491
851
924
819
1075
575
181
439
589
583
1077
274
299
173
226
1045
578
660
442
544
480
470
146
571
9241
764
459
648
55900
899
402
684
934
211
1326
1742
1042
1395
67
308
255
556
545
1491
919
375
1608
493
1094
2921
425
301
951
545
4720
756
647
883
662
1227
961
588
3301
624
1508
1006
268
245
616
477
804
577
1036
530
433
433
405
529
783
460
981
1304
100
983
828
598
685
944
3935
492
488
836
1435
851
258
979
549
350
14231
1631
2997
932
247
881
751
891
510
540
748
225
854
207
932
755
494
1413
1067
101
869
2682
928
4948
511
767
337
981
568
396
1476
844
227
1083
221
723
622
891
322
466
2232
827
806
736
617
301
829
460
586
568
550
622
507
3546
972
548
859
432
306
469
299
811
797
1134
588
119
442
1660
1257
78709
762
2517
874
529
601
1428
862
278
466
1125
959
891
563
2512
534
639
728
373
7368
546
619
971
939
685
1078
950
4352
851
377
672
501
253
1027
440
367
576
618
1925
1348
527
550
8484
758
834
205
5081
262
183
955
330
545
1503
998
565
270
1214
480
712
136
231
486
329
562
2175
191
330
565
658
593
802
71983
220
583
26714
417
904
275
335
759
1616
754
677
175
384
4331
976
528
709
1952
495
280
635
362
2441
211
543
628
157
369
2101
823
849
736
529
1384
505
356
499
753
427
826
670
686
592
485
25492
608
611
2622
1330
984
270
81
718
870
602
807
316
783
255
328
988
6073
408
866
716
419
688
2275
523
223
1575
98
404
861
590
610
1533
772
28204
317
718
153
631
557
309
4337
4156
320
953
660
2964
404
1352
351
484
13385
815
660
687
389
647
820
3730
852
383
1414
1861
837
522
678
544
593
430
391
364
530
774
715
3842
795
692
642
450
558
660
692
1298
1407
237
895
597
299
477
699
692
671
929
638
2576
527
100
675
7119
298
773
537
530
1310
821
555
539
805
1391
997
973
1085
1833
421
673
594
828
959
539
475
300
3076
709
3914
933
621
768
381
548
1563
504
972
1350
10951
34640
552
581
837
697
430
2615
947
422
405
1851
658
1397
664
655
335
1219
288
585
546
485
624
5119
722
717
726
654
647
275
287
622
394
938
164
913
661
634
1818
461
1647
217
890
564
418
429
1256
414
492
528
1384
867
679
613
888
869
181
894
749
892
1587
40
681
1390
1265
1440
724
202
420
56
879
368082
1878
1426
1713
832
854
4743
266
504
4073
843
815
161
746
848
719
332
633
399
450
873
2405
874
729
431
6421
776
947
241
3064
874
7937
856
508
791
868
852
2498
291
314
629
323
836
936
9302
793
986
1548
835
502
598
207
949
1329
609
98
658
758
830
709
1849
1138
819
463
737
566
388
480
2065
1404
687
396
428
795
999
863
12699
493
300
708
951
224506
936
2148
843
247
2882
6997
1400
2975
726
487
75
921
1289
869
963
884
1797
457
335
658
791
508
660
126
752
610
1984
608
1246
1081
667
922
754
281
977
1290
552
2086
563
2345
651
201
854
869
165
606
975
245
665
541
109
989
502
319
898
339
801
336
750
797
687
978
483
305
519
5435
649
439
646
344
844
3198
499
14227
2411
570
3441
226
96
889
334
4556
1929
867
913
871
2147
2637
578
306
301
830
227
712
691
662
1600
52
679
430
591
438
4943
1895
888
578
444
274
258
219
505
507
687
128
1798
879
571
662
291
786
1198
830
7450
2653
837
396
2616
1098
4672
928
915
480
331
908
733
811
679
746
796
857
2601
569
873
943
171
508
304
924
950
261
1225
53337
410
828
889
394
387
2237
664
853
2823
463
1029
874
217
373
573
1651
567
706
37
189
709
202
944
460
225
952
2897
941
1531
465
264
700
366
858
2669
677
661
5643
458
316
344
1203
724
862
820
445
464
645
95
565
386
963
780
517
718
562
1045
668
1547
738
416
923
971
265
250
256
615
406
351
1757
817
790
143
1366
11702
778
254
490
1822
2203
498
969
1292
1493
503
600
961
313
170
380
1262
438
764
737
734
832
440
657
271
334
457
607
423
677
476
2535
732
687
798
552
800
1305
1192
595
553
1167
431
249
745
514
266
122
257
396
891
608
516
938
387
558
247
510
291
10559
292
959
453
653
207
413
371
862
562
484
1492
447
1316
757
1149
174
1000
913
581
137
487
640
878
818
673
395
407
123
343
509
495
221
347
558
627
900
938
609
966
819
381
352
625
629
2675
222
398
274
541
205
925
852
266
450
997
967
413
347
709
5756
649
535
516
463
552
520
580
418
453
290
756
1642
1759
916
539
292
446
651
918
425
905
803
484
6673
880
7807
832
522
566
1382
675
7769
627
588
847
854
90
667
992
809
440
320
259
966
863
1576
1472
312
842
1978
216
416
241
1527
750
62338
607
304
938
3007
763
373
659
392
460
295
650
317
687
1970
350
450
267
21970
649
991
2079
618
936
406
114
978
909
967
815
569
224
903
697
236
328
289
705
476
944
418
531
2076
403
433
1583
211
854
256
401
2293
1448
172
758
388
899
329
561
849
214
654
979
205
123
502
1418
569
221
832
686
9103
678
547
950
562
1422
926
384
832
398
2500
941
194
2055
312
393
771
547
652
675
1053
840
1026
318
314
765
476
960
3326
470
467
9755
3745
1130
650
1035
1260
3869
3878
741
289
616
633
408
503
379
4161
435
734
360
918
355
1659
6327
639
669
416
250
721
717
8871
552
493
698
889
633
773
750
771
103
872
906
409
913
812
1149
354
774
201
389
1009
549
859
910
1294
907
1000
178
406
548
584
455
505
219
1109
955
703
751
284
396
141
214
816
999
585
3626
724
165
463
532
883
604
491
234
726
87
764
557
402
930
890
431
815
961
3220
991
694
744
8749
558
322
697
183
928
620
495
383
819
866
379
1155
353
693
3711
362
343
512
995
3104
868
653
721
418
990
962
966
1015
972
907
348
659
852
827
688
465
2311
517
630
795
368
598
805
675
385
713
905
1061
614
591
779
479
907
462
2344
614
971
1041
489
834
5423
726
984
475
958
497
704
1001
3749
981
624
10276
1226
321
129
811
660
526
244
3537
864
825
546
513
231
430
1993
658
1285
739
607
910
344464
5688
338
776
195
444
575
881
1568
806
752
766
178
193
328
366
719
868
450
944
639
205
550
1836
581
1313
629
1839
747
298
525
239
676
549
3269
6196
112
916
473
792
41029
8961
747
518
534
458
359
127
891
472
1230
856
691
454
668
864
399
562
790
597
697
310
598
359
608
320
536
752
5510
1214
641
2073
737
373
908
923
751
2663
1296
1198
745
592
628
7662
760
447
943
639
894
678
367
1000
1627
3657
629
1000
648
752
1634
1728
883
295
1122
1248
914
483
371
308
349
432
441
258
913
691
1128
207
13331
679
959
21926
691
332
432
981
1072
888
543
510
670
578
575
1012
86
698
649
958
757
634
889
498
952
950
860
2659
233
2013
223
585
2511
408
281
1265
449
350
2243
709
676
291
571
354
961
867
405
986
772
795
660
764
636
936
678
671
554
355
657
541
974
463
2108
2564
1000
1906
617
459
1030
350
1849
1138
669
446
1642
292
353
364
969
14974
336
999
544
937
552
2129
693
413
737
1414
3186
995
566
2795
2599
577
952
446
758
1282
785
1763
465
228
903
988
548
804
738
229
358
1194
414
1555
3073
518
919
667
873
527
651
1603
734
943
906
2079
134
560
494
11002
2034
151
659
130
742
592
356
1573
205
703
777
11184
437
516
307
501
461
685
688
861
425
598
954
617
1345
255
1077
1778
658
792
567
610
1172
974
319
930
298
381
482
606
602
673
150
583
1223
2468
1365
350
963
5904
561
763
527
350
390
578
737
851
543
874
914
470
867
442
606
469
642
85
387
293
1841
852
591
195
472
546
511
2311
377
566
845
268
415
985
291
437
700
239
436
787
923
694
589
4878
1642
763
223
784
1374
443
324
375
968
238
678
384
39533
376
863
477
967
878
745
967
1271
602
435
765
385
338
640
333
704
475
709
5125
1333
8249
4522
772
732
3736
728
4475
976
1637
993
747
188
161
664
708
798
1179
978
1561
261
792
448
988
348
479
1963
402
84
726
801
279
196
527
873
598
957
541
626
338
502
761
1139
1177
3953
740
139
512
5658
664
855
376
79
582
1047
932
324
63
621
336
854
279648
485
805
804
597
315
934
908
734
306
601
954
1307
398
962
880
824
808
537
713
1568
194
879
2974
746
708
755
701
410
882
462
728
546
650
462
569
728
652
430
274
2642
1011
329
852
555
764
511
5775
726
343
1169
854
475
705
800
657
562
544
943
1662
995
456
967
648
737
848
871
12694
762
619
808
486
334
624
435
287
1698
177
218
524
488
575
1375
218
557
926
932
169
1183
227
214
264
491
7929
260
701
713
995
5284
763
1014
634
335
552
864
969
841
5258
505
2055
1954
577
5461
249
815
901
402
608
896
637
585
509
1022
968
850
210
207
979
7392
4940
715
922
883
687
942
3772
1356
755
631
204
783
689
664
196
503
146
794
430
78087
500
993
1000
666
533
502
347
692
851
587
756
445
929
675
1270
613
191
354
198
542
915
368
694
748
1143
732
476
1526
856
863
766
460
24409
936
385
811
805
576
783
1222
1073
1102
337
229
525
844
906
461
702
428
3276
276
592
366
879
190
517
890
143
1524
1565
91
472
840
494
863
607
4892
220
502
631
578
23799
739
21
1591
401
281
2218
514
602
772
678
535
2995
470
3163
256
712
294
539
182
345
610
218
522
807
697
498
816
878
3802
290
446
779
2321
675
727
351
3734
1161
869
531
247
566
282
534
1705
274
412
428
837
829
479
988
2054
483
4245
873
855
1131
372
364
144
334
281
971
13313
986
495
636
348
878
271
400
692
355
784
608
996
5428
1604
1285
460
2796
236
1058
1232
1764
538
806
874
17210
678
305
841
251
5607
1742
2387
499
841
593
632
747
745
552
185
7310
981
2145
432
710
429
390
533
1817
688
576
489
4597
986
463
20278
9403
848
101
1774
484
359
6312
709
794
403
1240
4654
943
624
108
298
446
872
3894
2274
577
655
408
889
666
424
614
209
551
767
847
1001
537
653
1527
895
900
108
444
328
71
487
245
1044
594
334
1101
237
981
663
478
746
397
810
567
5306
712
933
888
962
846
950
375
643
610
643
818
887
773
689
444
640
332
357
915
545
438
996
1056
610
1053
411
131
10721
146
1066
974
900
1201
454
526
792
678
416
465
898
616
632
8452
793
735
273
402
186
6167
660
313
588
520
742
7712
771
411
669
957
607
301
830
544
429
576
290
9011
516
650
7641
896
947
365
941
694
627
352
376
723
695
8442
981
527
531
790
1857
897
516
481
479
671
782
132
1002
746
870
974
980
810
3167
717
781
324
748
484
322
910
443
658
507
1148
979
977
861
384
963
862
784
867
821
11128
891
940
975
225
892
3918
971
399
412
775
996745
337
453
504
586
895
757
566
754
822
17819
642
530
312
509
978
1574
691
402
733
1525
999
661
2418
409
700
850
4066
602
854
483
243
214
308
1857
2197
654
312
485
804
460
763
429
2395
717
981
509
9020
632
172
803
374
243
294
802
1002
834
861
871
794
753
1280
783
723
817
880
755
163
372
1193
2495
769
250
741
438
1040
587
879
683
843
775
2238
1275
1221
374
392
1000
314
972
596
1646
343
529
4850
799
984
916
154
472
9680
523
366
477
310
184
924
2060
57
54
347
309
351
671
609
743
876
337
173
366
564
2210
1782
563
462
658
2523
755
7593
695
1040
203
361
673
502
483
391
709
719
73
614
712
510
783
729
489
4360
1684
736
580
1877
872
446
249
15922
316
972
910
773
1226
14699
930
167
597
443
573
507
3424
768
362
95
192
131
396
332
317
839
471
880
558
310
511
731
536
1330
2857
124
720
965
824
1855
1675
1133
1700
1071
168
1146
591
835
10586
476
560
517
481690
751
680
765
517
532
503
476
1262
501
356
691
325
417
6654
552
963
606
743
673
876
746
1092
776
873
549
732
310
734
951
1582
707
2930
1317
168
1684
1076
993
1270
1043
835
807
381
317
979
1096
1000
1414
741
776
361
33
761
209
1155
177
623
587
1357
695
466
22232
1203
12538
2897
518
697
551
839
1157
729
780
2514
314
610
2325
1078
758
182
1599
653
722
444
800
498
1060
691
1898
910
1030
905
8390
2460
301
685
3416
4511
370
408
422
572
1568
936
1030
246
450
876
338
934
550
396
767
694
974
207
918
535
84
797
438
308
5705
2940
1180
520
2122
466
614
860
959
302
2333
365
837
515
1246
984
976
710
5389
37990
913
867
790
404
467
381
676
818
835
226
328
707
581
397
326
313
643
523
715
874
604
826
848
562
244
1531
748
730
631
777
352
4380
598
443
384
340
285
835
136
398
393
944
839
106
684
275
456
231
790
779
280
842
683
525
833
806
495
378
1560
825
196
629
419
733
3628
245
402
3698
1008
478
574
462
249
885
826
829
745
261
215
1201
338
992
696
952
1103
731
480
219
116
990
693
1727
269
866
911
610
953
10709
945
635
140
452
963
186
557
429
188
269
739
64
847
714
760
890
212
1423
95
559
511
850
1058
481
2708
1524
675
136
909
839
444
694
386
5156
1470
362
944
695
934
893
642
558
515
950
536
1267
998
823
696
161
454
191
591
876
350
429
459
929
309
446
629
547
888
384
1131
409
4427
455
153
512
246
567
1358
1522
921
330
416
978
638
305
476
1026
635
405
656
919
979
903
1829
7541
697
598
337
616
318
3265
376
267
643
151
716
746
1010
1055
787
1016
673
473
417
863
435
885
688
923
25009
661
326
273
157
753
353
588
39691
441
854
175
507
758
1091
413
189
1245
486
1911
1269
1045
1046
540
320
912
71
712
522
346
701
945
812
434
251
922
533
1125
101
551
990
457
434
962
943
360
609
768
985
425
541
256
389
695
564
976
4430
197
27049
710
274
2129
12620
1639
1343
743
575
126
914
486
9832
3307
756
653
4290
9581
310
954
18382
385
668
574
614
795
991
1437
301
686
422
441
1230
451
854
1153
1000
215
2132
2975
369
489
591
311
822
17511
900
4110
969
581
437
370
466
458
840
487
792
9123
378
247
1489
1494
573
715
373
679
665
369
869
3926
2424
708
714
285
740
368
341
806
569
668
560
766
723
1490
586
632
357
754
685
307
728
1285
896
423
579
589
782
917
3979
722
228
601
247
1688
362
380
495
2822
652
894
768
351
673
750
2172
211
879
703
211
534
357
543
4277
401
1155
650
597
255
693
650
472
910
847
589
613
335
1007
501
1087
174
2812
119
543
123
397
949
502
335
480
2003
363
1154
231
18400
1508
452
816
1045
599
939
219
239
991
422
99
766
340
724
310
667
719
465
224
874
187
959
437
804
403
602
904
8839
1144
279
1458
183
297
1107
893
452
6608
127
277
40410
219
317
988
662
548
971
578
15918
561
1299
255
684
637
2938
2248
440
1460
668
424
63696
355
965
801
508
405
940
543
1237
450
487
306
855
976
541
574
309
848
441
393
232
837
1080
403
290
820
1274
537
6545
827
2430
333
2363
448
475
224
306
786
542
2105
234
990
1011
881
331
435
925
536
960
1384
815
460
248
1025
341
541
594
581
190
1476
1899
58
826
854
811
522
476
639
1270
633
1523
1107
493
1615
580
269
688
454
453
195
814
408
915
231
884
834
446
421
924
367
726
679
966
914
981
528
530
677
5818
630
11578
820
716
1645
1752
2622
165
409
628
722
593
1556
632
229
2842
790
1063
301
896
1053
883
286
680
377
1017
55
388
635
901
787
673
369
516
500
392
94
11195
582
504
173
526
825
736
833
8902
226
409
659
581
1188
834
575
703
941
773
264
275
387
702
553
227
717
10295
453
745
330
756
1443
229
903
20350
588
197
682
594
712
293
894
868
126
3991
273
2426
659
2464
499
182
794
1388
777
997
884
424
831
398
192
286
940
833
522
526
580
2196
374
596
580
663
1203
986
564
903
798
450
600
368
345
774
231
469
769
837
624
485
765
326
551
721
587
400
516
785
3701
13752
1836
938
518
524
60
453
686
15596
861
585
670
2743
386
631
1408
879
881
253
904
675
1609
165
918
872
581
421
49
349
1380
980
463
972
33
716
774
146
967
587
961
557
6456
411
806
692
755
596
745
351
390
938
741
537
356
635
2761
661
872
834
309
299
327
173
629
247
7642
1529
18
659
545
405
817
118
520
84
274
2135
592
1177
822
860
984
1129
310
643
360
244
948
7880
827
428
781
2135
431
724
784
833
977
997
769
366
365
524
1884
251
982
715
25969
5631
427
986
771
705
182
305
1463
1807
1188
379
813
282
536
380
759
728
802
539
396
626
783
843
7726
295
662
125
326
474
255
138
542
147
443
492
674
623
639
766
172
1033
234
5237
404
729
2400
247
461
772
498
744
627
494
878
6757
481
650
570
592
695
776
786
830
615
332
746
731
378
217
643
387
816
354
680
414
646
440
44003
458
39608
288
720
1026
737
2543
2744
356
559
250
750
833
729
839
584
885
825
3441
631
537
855
612
85
8552
463
32
244
808
851
13565
268
778
1026
706
955
461
872
312
423
312
25121
505
911
171
885
179
982
79
201
372
479
1361
779
1463
388
445
278
440
555
223
646
311
837
713
797
366
427
1062
777
765
791
912
1076
108082
996
1003
612
837
64
953
961
1168
563
550
661
186
299
933
984
962
991
661
2425
160
729
297
4016
714
1489
801
977
1697
741
651
410
495
449
654
874
832
729
726
876
282
772
556
2199
526
281
420
560
542
610
764
1445
880
380
2266
479
532
106
575
707
325
6077
610
489
651
416
26
4248
840
167
912
960
997
583
731
386
461
647
381
1890
489
321
729
454
230
861
281
1425
424
239
832
3677
2144
674
286
954
627
788
863
370
223
685
650
365
2358
735
372
899
1037
1629
967
2922
198
2357
27521
699
1105
6708
356
391
978
912
2619
26363
394
574
145
98
488
354
434
479
351
608
3417
552
349
267
734
416
1080
439
787
1433
4173
475
1455
679
271
288
691
986
705
6542
102
382
534
594
36853
995
473
207
767
614
285
4877
388
667
867
911
378
55
108
601
825
1625
418
313
426
823
460
956
1013
720
941
901
332
983
2513
1599
879
469
2900
475
807
1165
991
151
21598
522
771
223
749
778
976
465
2485
107
758
972
725
429
442
810
429
729
6022
949
144
30
506
2905
821
510
245
153
540
2025
913
550
573
864
810
906
753
26373
908
965
675
469
606
578
731
1882
875
631
29
5415
380
27903
410
147
872
793
920
4151
1244
839
355
436
3558
745
843
1056
724
1443
882
492
431
914
2935
489
847
315
528
936
929
706
530
538
819
2109
569
767
738
836
115
162
1115
860
996
586
4683
1168
524
121
896
451
146
388
559
266
1065
1609
666
1460
810
2326
557
473
964
765
695
460
127
418
1439
1304
1413
672
783
964
300
666
660
849
441
559
929
975
5902
821
919
340
1352
329
605
1294
995
224
888
1525
2493
571
826
395
383
665
356
785
825
391
810
507
628
679
926
482
2823
570
833
2861
773
301
1472
746
814
418
850
1018
816
4964
652
816
637
1612
13225
355
675
553
717
899
1784
2231
965
923
123
401
366
848
306
375
264
1471
802
917
92
496
305
1136
741
991
848
613
652
207
889
908
877
762
132
611
324
3340
519
740
821
370
813
2102
965
497
2790
673
3001
861
274
1325
799
202
495
615
810
916
333
1085
364
181
447
616
861
878
771
1447
649
2522
639
772
3050
970
881
353
374
390
435
11673
1253
891
717
402
1687
393
790
9432
557
892
970
721
425
388
395
928
1363
869
589
391
960
514
528
243
2155
296
625
20956
152
604
190
445
448
507
964
784
1137
785
985
827
397
607
664
421
1179
336
1247
427
3755
700
24719
869
915
1855
1043
853
138
1082
863
888
220
535
598
425
1387
1406
1825
1011
493
939
817
788
4799
1380
929
566
486
278
998
807
529
370
3120
991
252
1130
91
439
840
3467
929
594
530
901
232
182
513
774
965
438
622
1811
877
618
536
874
398
106
553
565
150
510
220
523
719
525
281
544
648
542
1956
692
252
237
634
894
629
515
1800
871
263
750
1371
908
650
670
346
741
246
3463
385
915
896
1130
476
194
12781
775
583
152
911
216
713
568
856
642
2022
649
841
917
6829
774
430
798
729
589
1755
1029
967
2637
315
433
761
923
970
552
541
365
1029
479
211
493
427
451
920
1140
987
1403
690
12344
249
515
283
273
1507
360
62225
765
512
403
769
513
361
461
817
1590
229251
697
585
740
915
411
297
545
373
318
191
761
761
1202
583
893
2074
888
3865
466
668
678
399
1341
586
673
749
934
1111
999
961
562
500
362
1011
2020
585
2486
333
339
428
1219
491
536
284
517
857
900
930
420
916
272
346
765
217
331
401
587
882
376
972
889
942
837
1122
6465
567
845
437
439
1185
706
627
715
738
756
8713
313
941
624
400
591
291
1224
70199
591
260
359
635
111
1635
591
957
751
878
3430
494
885
727
241
683
3258
125
552
1054
881
400
155
600
303
692
153947
747
103
1829
581
3681
392
357
863
402
102
452
546
931
648
270
187
876
686
911
2652
682
423
812
272
567
6081
851
836
504
11574
142
409
443
778
1765
496
813
771
355
969
676
2211
2138
204
684
1434
784
335
454
765
323
948
2173
947
337
11263
51938
822
872
957
354
979
880
834
1517
796
282
253
877
1105
369
889
514
857
912
1347
785
609
1180
727
890
646
1434
116996
753
792
545
448
357
993
915
266
1672
2412
1388
618
982
299
970
1854
3043
545
2064
792
3971
795
724
907
836
1522
121
980
742
911
971
550
618
814
698
989
687
648
314
468
442
767
570
1598
782
498
400
195321
353
419
411
1144
546
999
239
828
975
548
1095
564
347
884
402
764
400
481
574
1218
1339
700
702
340
157
158
679
591
268
611
535
659
454
380
818
372
619
140
874
788
9432
960
7683
742
727
815
906
247
1292
1011
339
972
2847
431
293
1963
771
186
335
505
424
800
532
764
770
175
799
494
999
590
636
516
666
218
669
548
664
238
4510
246
879
2971
638
972
617
441
455
700
9270
869
512
248
929
860
886
1152
932
289
528
1776
1167
671
458
278
725
982
3258
377
728
1222
595
821
357
899
204
856
656
194
671
956
490
955
925
969
855
423
605
369
723
6503
619
823
712
734
604
521
654
380
367
674
1050
467
883
403
238
551
675
863
207
2046
682
173
93
724
400
875
492
4193
902
1177
657
367
642
779
242
730
938
285
826
792
954
713
662
734
647
910
3437
1191
476
591
860
550
934
968
918
566
760
548
33186
3334
2151
564
834
1421
874
622
169
802
661
702
787
821
3623
525
897
3055
787
2053
703
5661
1088
384
182
674
505
920
276
883
559
11830
729
1306
445
220
160
7768
528
582
990
665
492
977
409
515
260
636
737
465
928
547
18569
444
145
1306
471
4549
527
984
779
319
343001
1984
850
557
721
360
597
909
845
839
529
890
750
628
614
12535
30186
541
424
225
714
716
581
7690
281
1243
552
950
1427
689
424
704
565
867
444
855
671
1501
863
2238
316
316
330
305
969
211
491
465
1427
475
260
210
942
525
217
949
734
479
192
1217
929
282
3359
169
322
618
967
934
418
429
488
2006
356
616
736
984
491
355
833
247
748
2529
555
802
946
941
331
928
672
989
960
4638
574
762
962
944
585
2237
501
865
300
944
1355
548
434
999
987
689
469
936
963
767
279
1345
11484
425
389
33941
621
990
550
388
955
655
261
729
795
618
930
125
832
544
282
348
831
254
677
605
808
691
846
478
437
973
1840
728
702
467
614
481
968
461
836
858
449
188
856
853
820
382
455
362
392
920
293
190
580
27363
661
869
827
4768
362
3239
503
428
622
1537
622
213
6948
388
660
1529
727
457
522
85
873
728
334
642
544
637
406
890
525
454
374
777
4431
766
924
4520
4039
234
987
2575
4952
716
219
879
284
837
649
414
540
863
1375
838
329
555
703
832
838
1435
548
244
891
635
689
1171
811
637
1371
659
550
954
803
396
517
3622
916
733
331
409
7245
917
505
710
2892
883
928
231
447
2783
618
1254
142
929
388
806
2507
2986
2965
799
137
344
137
296
722
417
452
343
191
1081
918
343
785
998
727
24042
751
715
947
457
2109
413
689
897
283
910
244
642
700
5594
3372
9396
446
428
800
236
638
1094
291
273
396
772
1540
379
945
917
1339
2217
1020
1108
547
752
57
978
291
376
439
896
92
550
810
75
445
1916
301
778
505
715
2169
2768
950
243
334
583
461
634
956
793
251
733
1213
2532
659
361
480
280
494
585
530
864
401
1980
308
950
934
981
777
490
996
244
977
716
1188
882
518
797
1283
757
1129
485
602
733
351
734
648
955
974
448
1154
1410
301
2257
972
998
751
773
827
701
837
740
569
997
2991
373
1142
2157
644
377
7294
86
368
1370
1108
534
933
1000
4529
501
1460
1026
755
4040
72
224
559
994
892
43199
959
432
286
648
324
339
440
345
876
111
988
985
837
410
9385
652
729
5252
206
33994
213
842
276
1725
282
366
610
615
530
487
1034
341
608
664
407
12463
579
670
1208
779
1372
1756
497
631
519
2727
251
393
7172
1680
678
223
635
912
920
781
466
528
551
306
123
956
996
819
744
761
548
774
1013
766
2079
673
457
420
877
950
444
138
1343
749
374
318
9857
552
459
675
796
868
851
707
849
424
605
914
644
481
1183
649
1411
6863
953
430
533
914
761
347
305
450
816
183
2007
701
276
721
784
445
445
320
465
397
943
1168
345
1188
4025
871
2047
394
696
353
1102
383
407
581
216
752
540
257
404
687
44405
89556
915
571
739
552
690
3030
322
429
692
1922
639
3227
742
673
1592
881
717
42
270
787
1455
656
640
906
819
456
656
654
996
712
595
427
99
593
839
822
191
424
777
45
75
749
664
168
622
735
699
348
886
869
764
736
802
364
221
736
375
566
280
285
694
309
543
753
503
853
891
729
271
472
342
4969
448
960
589
302
536
283
256
1140
845
699
18231
801
890
1860
695
529
989
653
814
677
536
1730
998
9594
438
2667
859
367
340
858
833
499
338
704
150
449
415
866
477
1132
579
483
898
193
705
8713
311
739
423
186
384
5030
610
540
563
838
485
432
653
1944
4076
149
567
839
851
875
1472
613
819
228
136
8185
461
117
876
402
1089
559
9855
449
281
503
558
709
362
248
354
337
682
587
555
794
375
593
790
655
626
146
423
629
916
271
541
490
455
367
558
444
816
4983
428
645
590
952
1735
410
1579
423
519
232
830
373
86
803
987
1765
412
907
2112
149
637
432
717
270
803
509
976
807
193
1401
639
163
1246
616
582
679
695
596
622
259
978
1471
812
903
790
388
510
1096
777
548
2610
614
747
669
535
26665
657
649
285
336
295
965
516
2114
264
671
357
907
1074
1150
1925
657
387
526
428
1403
413
584
809
512
762
245
501
3525
568
539
444
895
520
282
7836
2975
1468
398
5809
612
745
2077
225
896
422
902
1227
991
947
848
979
445
484
3587
955
443
678
464
475
1953
764
194
118
607
1268
1221
472
390
450
955
381
515
348
1006
378
923
331
429
421
492
3857
563
465
4311
660
840
625
296
777
640
574
1163
14784
378
887
275
257
1530
882
620
1392
5291
616
696
285
383
73
535
1039
2225
392
776
5030
472
10220
1164
390
634
1403
960
412
868
733
1026
705
944
730
810
1147
433
783
394
504
1036
670
98
2788
695
1285
593
818
344
777
851
916
126470
4023
162
495
250
327
832
563
759
514
815
768
270
433
774
787
613
515
963
778
1469
687
2072
678
1639
312
344
2326
263
999
238
169
2913
774
605
579
676
414
12333
1505
690
1201
574
4721
727
1946
4286
573
1445
923
882
407
576
191
785
597
558
385
27443
807
437
967
464
1505
590
209
702
6636
958
6132
342
495
93
1611
213
1796
3286
541
326
723
559
369
925
12083
2355
547
1312
584
235
846
2523
936
735
924
519
607
873
892
778
575
1916
327
1622
375
5137
1344
766
485
959
450
3213
815
855
466
205
9813
9792
824
894
999
821
376
633
564
576
351
1079
901
274
916
363
612
1196
252
655
485
427
445
3770
547
335
837
13260
824
1111
494
318
656
875
699
360
360
963
838
616
2456
283
491
444
742
556
258
416
3213
258
618
634
1329
816
815
795
684
4686
22073
681
550
225
478
989
1238
557
551
524
1022
862
965
490
899
621
585
846
6065
146
366
741
344
173
502
7773
968
450
532
444
712
1490
521
900
1379
4448
447
2103
639
992
1959
88
574
746
678
1391
187
697
606
884
653
564
504
909
349
560
518
669
271
677
418
1089
479
4137
948
946
869
542
890
279
842
242
918
847
656
876
566
539
5826
2238
633
672
626
855
393
791
766
549
675
549
1400
518
54
2031
1924
575
183
807
608
969
245
636
906
956
292
872
273
186
15054
995
1099
1099
154
2135
638
543
510
876
928
814
954
613
587
593
720
417
1560
5575
483
1327
8064
261
865
801
779
265
803
429
477
378
359
822
1104
392
979
3538
625
3865
1496
781
600
458
513
350
969
521
617
259
564
442
359
657
565
327
586
735
2014
2855
278
252
449
463
1131
591
586
277
549
980
30065
455
532
733
565
668
856
513
1807
409
1226
353
1061
570
3429
24722
945
447
872
373
422
356
1147
110
969
13035
1919
497
1037
347
189
758
744
211
727
2128
199
907
416
367
795
534
1696
649
487
807
602
951
184
1937
187
533
647
856
603
784
688
58
507
815
898
635
761
626
1049
987
681
349
434
2377
502
180
469
829
6571
414
392
949
993
690
136
379
1724
762
415
474
299
1322
595
922
645
584
744
205
906
1444
946
1281
452
385
584
565
672
319
996
821
109
941
783
552
803
858
859
27067
547
1547
1154
844
274
855
1290
623
320
33143
321
269
600
973
1477
338
937
299
815
382
845
388
807
909
729
497
982
763
68
249
709
4375
3685
1050
1428
1015
164
783
922
921
262
719
659
1072
534
477
206
614
697
544
751
565
8675
986
2335
439
1818
505
926
380
476
5905
742
664
557
868
898
6924
286
735
630
420
559
751
298
873
949
699
145
909
509
1310
538
2061
1376
279
1188
611
2042
924
1797
3831
2286
870
5914
979
861
596
881
1011
542
520
11739
986
2324
629
844
2239
581
389
598
418
598
416
280
1604
920
103
131
976
252
236
578
336
759
84
772
950
971
206
974
471
720
650
954
507
666
11758
360
420
2411
686
466
400
348
1239
7324
855
1184
250
5681
341
1075
895
921
895
435
306
706
413
1181
2992
746
784
262
574
363
567
793
350
764
86
546
2163
698
445
1285
384
204
387
252
2073
135725
331
280
260
1001
990
984
813
1469
937
960
385
755
446
4609
1820
279
536
854
4623
872
332
4293
572
1144
374
1287
314
1779
815
1238
356
1885
987
227
732
902
1626
187
214
897
422
569
573
893
1790
110
912
479
462
630
667
539
636
698
28
7947
668
963
645
447
409
724
917
883
312
685
951
482
818
140
643
1071
686
348
833
918
427
4302
199
573
202
43
802
827
693
851
234
759
561
439
914
813
1128
540
1008
668
911
276
305
631
931
1149
253
4508
137
922
457
785
557
25111
1747
287
255
729
766
967
2572
11539
1200
645
1982
647
736
3868
1148
673
642
5780
192
680
4163
222
277
1461
820
337
397
1736
418
462
843
466
477
961
1139
466
561
547
881
691
631
1372
957
20
10287
677
328
1035
707
178
918
758
992
920
500
699
865
736
683
308
473
517
1745
133
1099
505
9717
497
22993
244
607
1049
1440
935
864
3594
745
300
976
1474
1812
592
580
594
631
549
832
4703
610
584
73165
933
1885
1180
925
56008
5562
665
353
787
871
704
304
558
896
1250
731
1210
363
62087
2002
740
726
681
384
705
125
1383
456
71
174
951
9407
924
1477
520
1348
172
493
722
659
531
856
318
718
1482
733
938
1370
420
604
241
642
998
304
9134
577
132
770
1133
1753
522
998
8385
239
360
538
534
872
119
810
550
755
884
252
978
256
311
934
326
289
966
935
1381
524
709
667
831
1228
619
430
339
446
3239
2005
639
221
762
936
668
468
5143
881
1299
897
910
848
260
636
694
279
643
745
448
473
357
692
11804
1573
631
688
602
957
4152
999
4373
899
2917
719
1712
968
142
850
2861
856
123
281
445
413
360
350
652
486
512
900
932
683
337
2968
418
394
1245
928
134
918
664
753
458
519
780
661
2227
960
191
1099
1205
703
411
601
523
181
768
548
613
848
683
820
460
746
300
1501
3177
790
316
196766
358
13
632
451
68
995
802
817
185
711
534
191
770
1205
822
167
917
1047
2504
916
498
920
602
779
3347
275
665
1351
1166
506
326
645
861
1022
230
830
572
375
3924
2718
210
520
708
314
952
577
606
315
387
801
1729
913
604
820
208
957
883
117
312
455
491
952
691
568
618
525
290
743
247
1830
1145
912
478
713
675
227
848
935
2598
3235
994
420
1053
837
647
470
641
274
304
979
543
682
295
398
931
731
327
948
1156
655
233
473
3574
635
624
865
387
656
775
460
890
441
834
1292
1173
770
1212
883
698
583
394
650
273
778
259
637
256
827
874
850
720
1997
91
1042
407
6438
13960
880
758
366
2087
765
551
811
803
888
6533
660
420
337
1941
1079
633
235
170
3790
1560
191
247
628
527
761
739
1100
899
779
572
1134
418
2107
984
426
155
630
878
2810
197
967
860
557
1743
800
2076
874
272
778
1008
968
246
319
888
973
12947
621
615
665
846
290
691
741
4604
342
312
471
484
24
507
1047
776
822
968
272
248
77
521
830
577
857
4305
1557
932
1101
914
507
1602
202
763
972
837
638
596
947
989
425
269
711
526
1747
313
566
347
534
602
301
236
523
520
1984
307
494
908
5152
727
3390
1154
941
2922
417
977
570
479
858
456
235
391
592
943
42909
629
585
977
4766
478
787
502
787
932
137
394
302
796
58
1933
624
482
5600
684
484
2816
550
1107
175
3129
446
731
967
977
880
566
802
751
486
547
691
1024
323
988
394
79
694
810
959
1922
303
854
781
771
589
878
721
142
462
403
808
477
293
7303
955
676
818
196
562
335
689
4371
421
983
264
6466
672
496
4036
426
780
421
1348
360
103
341
806
556
231
194
494
865
704
7102
349
197
448
512
876
448
1262
875
508
453
1130
923
257
596
681
1390
670
501
1601
525
268
688
477
457
227
408
504
330
555
2788
15649
405
38034
534
918
413
972
1213
2363
639
509
1064
465
980
4196
295
604
653
357
584
887
965
345
389
881
4549
292
448
4220
2133
431
924
412
396
1651
1089
262
466
712
791
1347
530
802
965
620
369
14625
753
1810
2963
445
734
654
809
1796
257
138
1449
533
990
626
183
919
662
891
546
943
470
936
532
1719
201
928
792
688
83
367
212
852
520
644
573
562
209
773
1084
412
317
887
423
209
401
474
709
907
690
453
1435
2501
950
86
440
228
824
573
199
505
2263
793
1141
390
934
615
815
490
935
757
337
996
831
596
596
489
802
469
602
695
307
13900
11491
1225
712
743
183
488
868
499
511
954
700
710
814
1072
875
269
494
1207
522
532
150
997
617
404
381
2027
879
866
973
747
1593
978
28807
3985
222
19292
5393
939
781
332
899
1368
442
289
1284
596
153
2077
958
180
473
786
962
388
770
699
441
5817
20701
1245
344
719
1776
377
934
340
533
212
505
724
769
924
491
598
892
595
5155
539
435
774
411
288
737
883
361
964
648
578
81940
503
1532
681
782
923
490
453
110
1514
1214
365
772
920
805
198
290
323
715
695
892
9993
453
454
921
916
1077
735
417
928
878
792
548
2877
653
678
949
3458
433
708
572
457
330
884
1555
949
637
1528
639
282
1151
6471
1587
556
908
1000
433
1266
774
950
192
1629
1727
1353
607
3671
246
482
5080
1274
209
828
702
1721
963
672
371
6720
281
360
274
244
1104
380
484
993
570
460
1309
149
981
601
374
1432
559
323
31704
3058
782
680
995
454
554
900
385
1000
439
416
867
933
443
398
198
225
375
939
1089
751
953
878
555
515
22174
195
378
456
961
341
397
262
96
2474
456
926
387
177
742
629
506
8271
680
918
530
574
298
1711
1649
836
463
741
839
29
272
493
918
389
1788
2048
863
479
2019
577
667
104
341
711
265
878
631
619
738
670
891
286
526
695
840
911
363
278
899
936
191
4195
563
696
2715
1473
331
921
1106
389
85110
367
2171
835
923
853
737
447
502
258
519
2463
902
12901
673
709
284
825
652
550
579
664
58306
316
957
8739
699
466
339
3148
2762
324
933
464
335
766
809
272
249
992
968
790
336
195
392
366
770
611
533
1761
425
306
657
11227
633
1699
546
388
249
834
763
855
465
621
474
510
598
393
5407
230
881
432
508
254
454
1350
446
544
4964
357
717
617
796
134
933
700
749
529
706
983
209
350
378
1136
2240
4586
3749
766
890
1354
438
406
1504
747
544
760
544
582
485
911
719
982
993
586
805
74
1326
971
892
272
2406
953
662
766
1354
287
1304
775
452
730
924
545
638
209
950
341
297
682
802
544
897
911
749
685
839
579
188
110
1321
637
8626
453
300
479
793
966
401
2997
436
635
865
845
2641
922
10172
899
860
838
380
1013
324
797
2248
284
267
765
474
530
663
920
720
328
942
245
325
853
2859
1146
3502
654
5309
573
237
451
1158
555
637
1223
859
371
4819
697
750
335
5605
364
37146
416
11228
388
133
749
527
2141
305
630
504
172
304
969
950
15248
848
4992
674
12007
6496
1051
2815
620
360
616
609
841
905
1106
558
847
613
270
807
735
853
474
871
257
243
804
891
838
555
388
800
1774
8277
318
893
1000
156
37
640
366
552
231
233
890
954
621
11183
543
904
340
467
290
1171
356
548
938
463
837
869
357
245
1091
777
651
776
391
953
850
765
677
310
126
792
790
972
51245
824
604
1837
1039
280
912
517
889
753
787
727
672
871
580
1194
710
735
446
757
498
676
397
516
640
1059
245
554
1402
652
336
966
620
971
705
706
953
687
454
916
764
783
154
763
373
1278
653
609
633
1874
174
1037
806
944
669
459
1023
680
486
736
424
9641
1285
2209
333
700
401
848
384
801
479
1139
589
642
957
1279
955
584
4954
932
740
520
667
11410
295
864
383
634
347
886
381
740
408
974
1270
933
1126
100254
892
619
284
3944
702
507
2461
418
286
451
948
598
458
889
569
387
1051
941
358
713
45572
4371
683
784
1253
405
959
863
209
858
868
735
316
840
868
437
930
320
926
718
767
450
532
48982
1931
613
1610
557
715
296
473
318
1656
794
940
2431
185
661
623
769
526
2938
208
534
465
5012
981
549
403
277
2137
1057
408
579
720
3841
147
744
689
257
751
674
1683
514
6074
848
1271
653
407
681
313
406
288
625
723
562
690
901
566
476
813
724
1638
2598
606
584
524
6920
474
426
422
762
549
987
771
345
698
401
664
943
713
743
411
1030
1470
1220
952
399
349
607
1177
946
553
671
2929
836
250
489
43677
555
930
712
375
1165
865
846
663
686
475
324
653
947
487
1755
961
352
4417
729
823
248
487
368
792
678
111
1460
1247
630
1519
190
1082
430
1555
797
2213
348
451
764
2061
270
802
499
426
477
748
1735
8057
146
350
1297
482
13221
384
273
313
697
601
808
632
837
20898
525
898
106
899
2167
318
16070
1765
4300
365
981
724
760
803
536
676
1181
469
672
1750
1964
257
656
656
706
1404
389
435
267
419
820
424
253
377
791
758
679
593
359
486
693
388
709
960
916
2280
668
933
384
968
1027
184
319
856
1300
4184
3914
588
1572
324
298
3366
482
314
591
1475
460
256
2169
281
938
532
877
7097
61
5719
885
2711
823
963
1018
359
563
942
170051
911
326
882
658
170
139
1738
933
217
8492
452
452
491
2873
264
335
402
550
107
8042
955
199
496
522
367
636
887
1812
976
855
911
423
1513
2612
3882
626
995
808
786
626
401
1149
329
5435
317
741
192
6751
859
223
429
780
619
395
2246
904
680
857
35511
174
242
1143
453
570
932
253
1621
396
625
474
719
541
637
278
1927
539
703
570
863
469
604
108
689
531
425
523
422
2135
408
909
888
38554
458
1769
632
1686
805
103
737
957
2561
327
1417
11384
