399
903
811
184
603
401
214
216
603
1166
925
355
713
392
217
384
450
1014
992
1574
203
1770
1893
1827
422
570
540
973
734
904
237
282
2186
258
828
297
2810
2771
844
212
445
277
781
755
354
3896
923
664
364
83
665
693
238
688
731
596
1137
175
1019
928
957
965
815
873
405
2863
481
585
777
961
2003
577
852
247
1000
1213
898
1344
1323
217
5099
889
833
36748
338
799
300
961
2255
890
873
1489
719
845
410
562
909
450
3801
589
1817
763
901
284
799
460
978
952
485
188
919
600
1224
663
486
626
1010
567
792
1172
537
556
808
269
967
148
405
600
715
957
617
261
492
1498
894
851
288
885
598
226
574
802
395
1232
750
2708
948
986
1390
749
531
203
691
839
1094
950
930
708
380
1247
765
649
243
693
49960
413
976
369
735
736
1742
488
498
400
592
1957
106
201
256
959
1822
735
473
476
1312
680
349
1317
231
1521
398
2536
166
809
733
844
344
475
24119
971
785
320
485
612
23
379
252
665
2481
217
1288
243
257
688
151
866
860
653
386
573
599
215
296
517
402
746
903
267
914
800
550
680
361
522
921
914
812
414
663
577
371
1033
29156
505
550
479
238
889
11006
746
2456
625
439
343
772
313
241
819
650
1115
274
255
1946
650
221
118
934
915
110
646
401
777
632
2486
265
167
29292
298
1704
419
1065
133
1527
746
129
856
521
770
1130
311
844
1835
704
387
1891
798
264
271
918
656
179
554
754
373
701
492
9157
394
775
908
740
923
467
4126
619
270
346
481
972
761
958
700
728
523
545
443
923
923
1652
1054
506
271
449
407
529
1620
304
458
628
454
758
274
1631
727
4793
768
642
492
1205
203
423
609
674
409
544
925
747
2493
792
869
423
674
467
1898
171
709
590
1211
916
296
877
924
671
703
906
1149
235
606
1166
854
1156
597
803
737
116
490
250
709
650
234
786
106781
677
573
584
157
277
441
942
657
815
852
174
1213
253
1838
849
257
580
2003
899
626
279
734
1651
474
533
479
686
1085
373
336
887
958
935
918
1476
2195
675
833
344
299
979
758
878
15467
369
884
4367
573
766
1444
918
982
522
934
462
670
234
838
471
218
841
238
789
328
488
633
535
823
127
713
542
719
318
338
909
6069
593
944
2670
1161
471
631
780
302
713
918
261
561
361
872
526
230
876
373
735
724
675
752
767
677
768
385
863
604
1444
782
1495
229
1363
695
547
255
695
369
301
315
347
563
7460
990
644
736
749
619
3324
7599
5734
742
170
392
988
924
1762
989
88
711
8505
750
1660
640
393
871
872
861
866
9070
510
120
134
442
893
245
1678
1422
449
717
959
457
569
159
712
286
529
710
233
1472
984
136
513
587
298
115
8414
810
519
866
311
776
12506
3627
795
17178
900
60
11781
989
1109
964
158
1574
1029
364
1854
903
1458
523
2907
528
1513
456
561
493
158
533
660
708
644
629
570
998
117
998
501
700
569
413
246
550
362
809
1152
703
842
380
464
990
94
4202
706
1100
1299
954
1345
798
262
1131
444
127
797
802
482
202
993
3420
2884
1000
450
494
914
936
373
2335
232
295
863
734
631
641
396
285
1801
923
514
717
2134
482
2215
734
537
1545
632
7969
838
672
706
1188
922
457
299
644
833
721
542
2038
22300
908
771
721
974
810
350
6904
3038
275
451
539
339
912
621
452
184
870
529
973
628
720
727
1000
4765
7
937
2072
237
316
275
860
809
804
157
598
762
775
703
145
3314
761
1819
312
812
1362
771
3142
455
721
862
392
876
150
543
235
1012
842
478
296
1027
225
550
755
268
407
6190
707
899
577
2609
191
650
584
1304
908
492
426
438
2741
618
556
841
434
1449
583
618
379
592
479
497
993
2723
207
510
972
830
193
547
343
424
472
836
764
235
317
561
939
852
880
167
645
2236
526
905
570
363
2597
1406
342
423
378
945
225
934
634
2794
1274
3281
15547
441
729
983
101
257
558
437
781
964
7762
244
762
1788
202
370
654
510
729
1187
779
223
913
812
948
295
802
1129
437
404
1377
6735
1064
770
526
2243
48
309
836
979
603
357
431
382
1674
593
502
466
379
841
2118
4936
715
343
3801
833
1262
512
241
855
515
558
348
538
942
707
947
595
353
585
664
733
493
2079
575
151503
359
381
376
372
4203
747
288
947
3622
443
105
672
263
781
1192
578
781
419
942
519
1537
642
2184
516
643
765
513
352
739
422
765
856
822
201
961
26609
630
611
1285
393
184
1038
10278
727
1411
265
185
326
698
12421
963
899
494
583
1025
535
1699
384
390
921
1471
804
211
2063
814
381
363
754
177
726
3370
763
387
333
701
9301
562
315
957
743
948
2618
627
4486
894
208
1784
962
334
423
431
877
193
196
14841
683
7
88
545
932
7480
777
924
288
199
429
388
869
603
244
516
63124
1058
370
7908
737
978
978
493
627
150
511
438
508
491
7173
482
947
995
602
472
374
959
638
957
562
367
1150
499
974
4029
265
291
454
997
992
2049
504
645
7747
4548
230
913
505
1778
495
177
185
1128
749
786
229
897
1190
6559
344
353
952
165
583
6922
624
353
557
28
122
790
660
26
361
198
721
173
533
728
619
503
586
269
564
1104
330
265
583
349
1261
674
515
632
425
733
3582
968
3969
438
259
452
667
700
777
1354
4325
753
449
874
708
1448
919
376
708
430
306
865
365
279
877
634
1726
233
451
293
55292
5227
399
409
589
990
842
604
1518
1159
942
338
530
799
926
646
522
623
306
378
610
2488
632
437
716
2083
631
2316
5376
512
870
697
459
111
4648
20032
528
522
543
827
254
461
2934
394
1627
1392
534
691
6777
273
322
941
904
980
284
190
604
350
966
629
1768
402
2264
177
163
719
844
3867
994
898
429
847
492
978
785
599
622
525
966
358
296
368
887
185
2834
789
177
826
819
516
17652
1058
719
330
775
973
4064
153
925
400
877
885
1267
773
862
544
987
872
753
1540
5989
962
495
930
823
779
855
3236
462
808
838
2312
285
930
794
1574
347
897
357
468
1437
279753
758
269
979
621
615
1531
524
1772
141
9306
858
435
681
589
888
714
423
506
279
2189
599
402
574
2447
9987
935
708
289
785
538
1727
381
37545
770
1094
572
241
438
71
2324
4718
1069
575
546
1133
955
589
1881
587
227
213
347
569
505
89
742
491
7404
164
397
1339
904
1379
295
711
488
503
862
820
991
800
31749
312
2151
700
608
921
1396
548
499
1715
1142
788
938
530
755
300
3691
646
782
329
1142
925
249
559
886
561
907
4552
860
403
736
1123
2101
754
307
442
114
486
691
183
235
422
760
285
208
989
990
1289
575
950
312
707
973
299
284
245
1154
934
555
872
650
841
712
1074
1273
104
41
710
686
583
564
945
868
588
7356
428
340
884
498
1456
630
797
690
981
3672
415
450
632
415
608
911
876
632
1430
41
943
993
341
624
500
340
721
257
182
1196
1253
21143
908
614
833
513
640
823
867
888
876
512
392
845
530
742
770
977
894
917
2286
579
593
635
593
779
118
440
378
303
572
950
951
780
381
1512
673
438
438
448
6131
1443
1052
172
345
954
6926
497
3435
401
704
295
7844
390
690
1787
1276
121
574
852
857
3533
561
882
1303
526
1808
997
2047
878
474
744
1098
750
783
773
842
866
651
770
924
642
137
520
512
797
465
2586
981
1877
396
359
792
610
699
1431
90
774
653
294
999
477
614
855
357
551
973
150
985
723
944
180
899
308
5430
648
178
378
1712
122
997
470
1135
542
1492
606
317
1133
461
2333
948
343
2059
772
650
545
2521
34908
1871
629
611
795
186
460
406
667
836
897
852
319
415
509
701
1016
405
693
19672
5423
311
724
2875
276
678
7822
237
864
438
305
660
767
957
259
5587
720
532
2926
6036
2112
914
319
471
728
661
962
143
889
947
983
251
1413
2066
997
34390
864
416
455
1306
249
5524
662
874
75
591
3456
456
605
495
1653
684
1533
298
510
1439
1048
1177
873
710
171
697
1575
287
175
207
712
209
878
976
952
232
576
6
157
386
731
396
961
1850
883
959
454
673
926
459
752
613
963
495
302
386
694
376
883
881
943
610
2855
784
691
881
4881
695
831
427
432
1580
330
729
665
469
769
714
368
4028
895
3741
44
497
8446
554
272
714
906
3044
493
1821
469
7417
498
912
646
693
538
271
1125
584
1710
896
260
534
686
210
412
643
934
975
866
876
16301
810
707
326
494
2438
534
155
489
384
2961
4654
753
851
897
508
3134
433
1885
643
1754
512
831
1334
835
738
858
728
893
329
1872
720
470
755
661
433
632
833
487
970
696
959
667
1251
651
576
4008
916
582
636
618
680
4243
651
538
8809
4709
515
545
921
816
951
933
243
364
240
177
3643
442
526
169
609
223
179
821
850
279
1159
805
1007
785
872
960
879
684
812
884
780
12872
477
986
519
729
3500
182
449
9444
264
1840
434
355
996
436
699
17685
4828
202
813
394
533
954
424
235
1514
1237
976
955
237
414
611
4613
780
715
677
421
476
422
727
644
118
1567
581
435
594
260
574
612
497
415
3295
221
767
770
465
516
956
465
646
802
626
883
503
253
582
678
2000
739
1023
866
461
628
357
586
734
634
365
482
534
5783
590
1343
1358
847
782
368
1059
603
381
407
2751
330
259
374
681
565
2643
415
883
2280
636
908
774
4187
497
777
654
993
487
260
807
510
976
679
445
415
831
15249
608
1577
720
875
918
513
340
1099
379
203
999
435
192
2268
481
591
1194
841
944
363
587
370
758
191
413
619
222
860
468
793
714
12115
949
5496
765
989
437
1590
1181
1440
542
802
980
357
399
734
1880
921
462
157
943
951
3858
271
395
691
456
582
291
395
384
1192
426
154
1456
619
599
642
957
231
989
906
570
866
7251
1593
563
582
701
383
435
3434
4294
835
935
1068
1319
437
1639
293
539
1472
1481
786
979
771
1764
499
464
3635
763
1479
2729
735
5068
208
868
883
1020
956
748
1064
819
3929
750
263
152
828
846
1481
1175
523
355
546
441
492
122
962
71
961
415
600
955
647
3952
754
2791
694
923
638
733
872
324
575
1305
408
592
968
1466
611
957
886
896
347
378
2070
690
248
951
154
734
775
368
8676
1049
332
4048
316
529
959
301
174
1566
1377
950
841
879
703
1130
356
629
162
791
334
537
664
2506
980
780
1085
669
713
412
1357
526
7984
885
5231
665
2207
217
204
1309
4610
1416
784
514
559
381
464
510
137
376
966
750
759
3755
7333
12996
1324
5138
463
826
905
771
906
1248
312
858
902
777
190
748
4308
516
2794
751
13459
3133
272
825
782
753
806
395
606
133
967
950
898
753
6270
718
940
4149
8221
469
951
998
682
588
537
3183
625
590
973
710
1050
7745
815
83
2262
271
920
467
908
1086
374
629
339
235
710
2786
512
538
560
156
312
981
487
603
674
886
2434
115
900
23270
774
831
291
638
619
443
714
1717
2176
4059
559
471
28937
475
525
265
292
549
153
519
168
585
927
758
805
515
327
366
1383
303
652
706
527
503
1517
155
4617
3061
1131
1193
1395
619
276
417
120
170
530
1199
574
584
1204
416
858
2388
878
399
624
447
2632
2051
572
879
876
936
722
994
541
958
139
2634
1818
523
632
13789
626
706
201
648
596
595
355
708
609
653
781
400
734
3456
1832
408
800
893
88
213
892
718
809
275
3904
781
1597
1099
349
970
541
408
768
212
330
912
1803
467
970
4848
1014
708
821
659
788
922
823
3434
1504
223
238
575
7905
280
995
611
951
1083
542
881
313
842
2049
795
527
682
454
706
245
708
397
377
592
427
834
13671
1014
2240
1139
722
351
685
3093
349
1188
422
701
732
591
610
184
790
273
755
733
895
537
102
986
267
592
425
580
359
333
870
799
564
3570
619
876
116
129
2518
378
124
359
607
562
184
443
596
1028
4643
423
712
736
220
336
908
355
555
854
602
681
374
565
284
1057
567
521
3866
316
20957
1057
320
320
496
449
753
225
818
963
324
366
285
471
616
920
26465
1930
1228
1096
414
487
186
1651
908
2663
379
621
852
964
479
556
720
732
1388
645
795
527
690
247
769
2740
526
284
297
632
929
369
4617
1083
936
393
561
622
893
3088
8234
690
752
404
244
887
1787
30
414
581
6348
361
267
1948
502
1152
439
901
1005
5109
3240
693
721
692
77
226
231
631
386
615
22415
563
438
978
921
1646
453
979
95
432
357
1229
628
488
28276
632
582
609
465
930
415
913
7873
265
549
2615
844
655
627
878
920
839
435
794
174
327
532
237
484
789
674
78
1702
4409
692
224
265
1222
852
739
224
2197
466
445
115
1298
372
87
670
2128
3677
2867
506
996
506
856
1243
472
965
724
1060
702
469
2250
1662
691
3783
784
1148
1064
1216
365
725
391
1080
847
633
373
338
720
121
400
537
276
311
547
998
1148
116
9154
334
1157
377
464
415
813
906
462
335
1996
776
967
780
1985
632
922
361
437
397
640
909
243
421
5744
712
171
448
715
246
493
493
643
345
555
830
3844
653
768
898
618
403
1125
780
711
615
209
664
865
881
237
25058
805
359
714
521
559
17993
168
1091
874
791
604
368
647
25926
539
347
1806
206
18321
561
637
430
972
1331
150
875
844
953
385
1558
741
393
1143
877
550
734
960
512
749
925
472
325
449
413
806
994
554
1276
1499
487
2314
984
492
9128
1166
731
507
482
452
789
333
962
848
337
424
322
429
137
921
643
259
1174
706
1181
785
105
165
1205
3392
2028
724
1303
424
986
380
8282
10837
381
831
957
358
12543
419
658
935
366
813
394
950
1692
369
829
547
683
391
494
195
2418
745
535
675
536
845
941
263
3230
940
133
600
539
776
1204
267
907
1909
797
883
800
839
931
502
774
1582
761
1829
594
942
958
426
942
286
4998
964
486
579
5659
682
1477
427
428
523
758
4707
1132
194
66
367
928
620
7749
483
307
530
947
1469
143
1255
920
751
728
378
527
438
925
636
521
793
316
699
958
2119
705
2142
1528
647
370
1580
821
442
1342
1202
947
672
10226
1599
749
613
922
292
815
869
147
665
605
374
3592
699
657
586
371
909
1184
735
766
470
239
1287
3670
718
331
3647
431
896
102
584
579
254
887
899
776
819
232
279
400
343
625
540
921
2919
142
598
531
963
844
558
4582
1786
610
927
635
362
889
789
334
973
457
469
3681
332
843
837
774
6616
681
261
340
713
1505
593
1151
606
559
3667
5041
162
1951
306
972
548
698
582
13738
196
915
1074
1009
121
452
920
822
1113
5747
649
825
926
657
951
2149
841
789
1568
950
2466
952
515
1484
677
849
891
7909
241
744
577
323
940
707
3084
341
881
272
895
442
896
450
1912
494
758
480
405
2831
303
442
687
272
419
615
4469
171
739
176
728
1571
943
14160
491
957
859
554
1738
901
433
2604
347
516
417
792
614
929
954
795
915
663
528
1093
981
9647
482
1246
566
2389
763
276
319
7565
816
261
1037
470
364
4536
7820
994
895
934
197
337
533
717
958
244
3099
949
835
1103
312
994
1613
463
865
1985
324
526
941
938
827
950
2537
610
275
927
1051
879
159
574
847
971
930
956
1229
353
527
856
2117
786
228
214
4699
1954
1902
528
764
364
1115
307
687
157
799
388
772
868
995
511
1295
892
256
63175
333
799
150
747
427
373
657
1538
868
721
6511
290
228
679
149
713
499
3137
577
790
80
888
374
950
930
285
842
2269
710
804
699
140
480
453
1397
237
665
689
563
1284
937
561
2420
458
146
982
763
638
963
191
969
20890
458
331
369
504
2088
317
922
194
560
708
653
637
997
557
710
3973
490
397
1724
904
962
411
294
851
1125
5850
463
479
852
510
961
135
671
498
505
906
696
2905
979
756
597
628
779
693
315
854
475
540
1337
867
330
257
276
830
1960
887
622
791
629
937
539
870
426
203
552
861
16118
1124
703
513
788
348
667
804
1643
888
1997
1524
852
874
624
389
832
689
890
8454
799
754
968
552
1153
1329
292
287
1214
785
688
628
627
566
811
223
791
948
382
456
1438
940
2087
2511
491
455
684
2485
123
883
466
2121
2351
1178
780
934
583
166
596
1217
829
928
516
190
308
649
633
1153
658
282
531
988
188
1230
1024
2968
363
6485
523
521
917
2108
704
198
255
956
4042
506
373
748
492
238
431
2515
403
241
3379
950
705
776
635
937
574
650
401
174
346
578
544
651
266
1142
512
838
1359
1516
9357
4319
874
3755
16145
1264
579
503
856
88
367
878
259
608
222
264
752
719
2442
4094
605
350
752
652
5624
329
889
995
440
845
675
4415
675
1562
685
291
373
421
185
366
924
1262
759
873
2958
781
1024
984
907
597
731
500
781
1784
299
544
710
589
975
650
145
995
392
417
684
2258
666
125
876
360
727
754
656
898
677
459
62
274
614
865
601
398
596
456
302
659
528
639
871
804
539
451
949
2217
692
686
762
13636
718
441
550
136
830
459
1260
1476
1126
530
14467
691
966
1017
243
951
572
351
488
777
3907
219
534
275
1139
1715
1834
569
969
453
2541
593
359
909
779
6690
738
674
608
192
480
785
1342
1817
765
175
507
527
917
706
9186
504
1108
2262
876
672
1951
243
229
678
366
779
942
989
2245
4893
1147
302
1483
837
905
999
265
547
869
666
326
270
756
6879
902
507
130
2790
1391
617
615
846
948
898
554
214
905
689
479
508
993
968
7083
2810
343
478
962
732
445
1039
148
3319
330
882
823
1561
987
512
998
1020
822
460
440
538
643
622
572
574
1635
786
600
511
592
368
1474
263
438
908
278
948
566
1494
890
260
789
4252
2033
157
811
301
2305
319
1715
880
620
935
2640
775
856
446
816
572
632
903
525
1524
248
418
420
915
524
485
190
1800
651
788
496
981
679
423
361
1410
969
592
375
1255
1113
2485
3384
316
693
230
823
543
1028
571
307
191
850
548
669
122
210
690
1611
729
214
316
635
333
1538
940
956
603
1068
671
273
3120
549
1435
9896
276
189
660
294
467
272
855
171
671
400
146
160191
373
459
442
2677
1579
617
475
639
271
404
5773
1118
2237
7321
696
917
853
717
365
562
806
1394
997
706
947
369
902
741
203
1063
562
674
910
897
499
415
1202
1949
499
401
205
503
881
292
811
875
1690
363
598
831
2179
902
988
116
736
428
960
441
809
2173
379
880
712
327
668
2097
713
348
1279
918
662
2108
703
155
804
876
179
594
908
790
264
538
512
566
643
237
2080
411
1072
622
2445
242
519
612
281
235
215
969
782
994
2274
876
1165
596
889
832
962
303
833
452
2355
2877
810
797
926
784
297
1469
2567
560
783
613
877
348
251
457
458
617
2656
541
719
2171
864
505
280
748
419
248
410
1245
328
81
4850
648
174
3159
212
684
786
440
3397
569
1300
507
36701
692
30269
640
2558
411
384
2907
395
774
666
952
751
536
301
587
697
376
815
541
1570
450
939
645
229
824
361
404
606
928
928
544
461
613
555
658
736
2613
653
305
630
420
1053
836
281
850
988
800
933
235
214
720
742
653
743
585
1118
937
1054
360
1566
872
207
1277
674
472
640
4225
537
1031
571
665
115
688
1853
785
678
1332
276
454
612
535
149
141
715
878
373
7174
317
2418
577
1085
535
881
550
866
603
704
261
895
1000
909
2153
2346
873
7345
583
713
503
640
545
1311
1000
209
969
975
3122
1722
621
419
2567
1784
501
631
327
1563
261
359
879
425
778
144
404
645
1636
360
688
407
307
2330
847
700
246
810
927
410
2425
532
672
781
634
992
2368
269
977
881
545
2445
2974
1009
336
1955
843
593
8616
1097
8839
761
245
484
213
613
750
859
885
687
582
2025
918
806
827
20
512
67076
7012
554
643
555
868
910
323
394
1000
654
399
439
623
910
569
418
633
213
924
1043
545
808
1874
529
687
1666
1798
333
1108
620
684
773
263
1103
738
778
977
1176
705
782
862
627
818
870
589
533
1355
507
479
1529
843
847
936
454
530
2670
293
831
930
830
1083
766
4390
755
986
898
741
2034
613
683
796
391
691
522
806
772
809
875
470
611
741
63189
913
652
1991
727
434
589
548
470
360
3803
876
477
667
607
756
1990
690
880
726
414
209
408
935
766
824
899
318
927
593
603
844
762
734
449
601
334
874
1194
559
286
423
668
902
476
294
721
745
885
1589
512
279
288
414
742
610
1128
2206
447
1188
1379
458
491
906
168
2693
366
900
568
292
799
929
3199
953
641
310
330
869
484
801
778
873
931
534
478
419
479
609
713
764
957
569
968
587
530
773
1193
1549
633
1411
942
757
586
171
189
960
1550
827
395
5228
743
412
504
745
2601
466
15426
4477
696
1685
1106
797
418
923
14635
444
961
76
500
851
468
214
383
599
1550
812
879
830
440
781
720
422
802
984
453
259
1174
737
818
1148
369
1488
403
590
1456
527
462
358
2757
509
242
994
278
932
396
877
1080
224
191
661
776
896
5010
830
780
303
715
1031
666
931
912
213
981
22026
266
320
753
519
967
970
415
377
731
510
568
528
355
568
1239
103
597
573
2822
692
1173
442
2513
665
2628
931
378
354
373
714
881
938
1031
235
884
390
694
278
401
442
4940
588
12721
166
1246
846
1267
746
679
347
926
170
549
673
810
700
870
449
777
465
930
587
400
344
1217
912
1010
459
508
1677
231
477
997
753
502
1248
580
695
562
576
349
612
1782
2060
478
575
545
368
947
361
11512
746
749
1235
746
264
212
33189
718
2122
338
759
545
595
885
876
888
11007
743
815
87
726
504
650
736
1226
241
661
790
890
774
249
965
683
1046
1349
560
1410
85
2514
878
520
278
2539
596
721
321
1215
791
184
266
599
572
358
602
1678
638
143
2786
590
934
902
356
159
405
293
1144
413
955
921
657
1116
1001
654
751
299
920
282
1153
725
787
248
8979
2226
2820
590
622
853
186
724
629
432
653
221
631
1043
628
943
930
320
804
668
5895
8020
865
942
439
732
534
452
955
813
412
691
1661
500
3268
595
501
305
958
995
847
549
565
330
1187
2025
875
763
636
621
393
1083
360
824
2039
1814
75
524
305
735
710
982
3439
407
1248
106
440
1173
7536
787
607
561
786
905
777
362
172
1143
147
415
550
335
921
782
429
450
537
386
1323
4568
382
313
889
306
2206
829
959
916
814
874
547
756
660
187
470
1453
773
701
511
419
967
661
365
543
531
521
987
590
212
639
1002
281
238
499
1200
1580
797
808
966
610
1471
604
1079
241
728
487
1034
466
359
757
370
826
461
175
3617
4113
985
590
642
231
1077
636
826
550
3972
1209
262
598
398
175
1250
1738
674
795
805
128
723
829
323
982
575
1934
7761
181
8579
948
387
182
1052
362
757
960
609
554
232
1133
600
550
262
4750
519
615
716
468
612
129
225
290
721
579
552
293
611
1090
1125
2841
1327
674
1247
271
1188
796
920
526
757
6574
539
595
383
8434
800
2429
783
624
869
256
701
6007
934
1506
1124
470
445
670
820
407
572
158
839
979
446
1462
930
490
829
3319
675
746
383
856
900
616
310
695
987
916
447
739
1272
940
442
117
594
787
1637
1206
636
435
308
300
621
971
202
536
407
2298
400
962
253
664
1070
365
1100
209
491
453
447
680
940
3077
851
430
716
409
729
711
598
464
479
873
732
8492
146
1245
356
428
298
965
451
2151
380
830
739
509
804
329
711
1324
529
175
395
803
626
659
358
82841
570
991
436
995
873
709
864
204
471
383
521
474
846
576
356
321
74
2933
922
903
906
893
792
726
1079
405
1217
152
159
227
606
5202
549
635
855
903
1116
1995
8031
463
2897
16430
218
1159
314
476
521
430
443
350
405
419
718
86
703
1755
530
658
876
231
1607
1320
424
638
418
509
901
2291
541
618
1403
967
911
609
387
328
1535
1340
352
872
1465
1706
668
405
98
937
901
749
892
12705
610
8547
750
2755
607
778
753
968
384
710
2202
581
734
684
308
419
2146
3231
258
493
1206
358
644
195
771
313
965
464
988
382
425
278
825
216
2576
875
1235
875
6236
253
128
436
2065
341
570
941
896
1501
586
770
140
618
897
715
122
151
570
866
1631
788
1117
594
764
412
819
1055
777
1891
440
594
240
372
358
4718
120
3241
364
2160
1314
469
323
1359
2139
890
1769
909
659
603
647
347
826
281
176
879
777
976
93137
477
360
550
163
1058
503
456
561
1750
844
595
712
678
842
486
536
890
542
66
679
275
2459
651
1566
609
405
965
820
1002
819
942
400
1592
88
978
900
913
720
1201
199
845
912
485
8846
233
873
1283
898
758
736
980
193
487
359
367
615
597
926
987
976
987
741
754
1597
341
786
739
371
887
922
490
223
1735
11597
834
889
924
296
88454
634
761
645
712
2878
895
793
1254
296
570
2573
107694
677
350
330
534
2707
413
376
806
263
954
2944
921
286
430
292
632
2301
927
919
548
923
819
566
919
527
828
718
246
1371
2765
591
293
933
577
88152
1288
814
998
856
6444
2762
522
122
827
3551
494
429
354
624
360
1178
7702
927
39
416
843
673
252
737
328
1061
930
583
905
671
991
4396
66
156
871
1064
4565
172
3733
613
9413
642
1113
826
1101
1425
310
1117
375
336
1223
886
266
734
420
209
434
349
173
813
1981
526
431
985
1623
931
853
3260
346
977
137
419
402
437
200
707
618
164447
309
338
286
384
593
998
644
994
55
657
681
823
571
294
766
376
454
10370
529
684
804
707
4439
403
519
775
153
180
946
282
876
907
1688
528
752
1637
517
524
244
9651
844
898
526
277
5079
514
722
1494
1065
902
669
387
363
199
618
1061
1656
491
906
833
1283
796
452
1485
182
273
908
491
25155
243
883
238
397
859
790
205
5588
229
445
750
626
707
3157
153
566
293
474
3732
829
511
930
996
860
906
669
563
923
118
653
443
641
603
928
689
391
488
823
1476
741
180
7171
968
617
1256
308
602
822
202
730
8459
677
254
546
765
1104
143
2032
620
895
222
327
691
1057
1317
818
2676
803
476
850
917
896
449
814
1369
120
825
788
914
444
945
885
519
202
3513
159
955
903
741
851
452
846
940
1153
606
456
484
626
293
1058
945
699
358
1460
448
701
244
610
1690
719
351
525
3328
129
975
161
759
1308
981
758
589
388
547
644
520
796
570
283
1342
393
760
569
2927
351
694
533
831
4071
612
3544
511
81453
397
3744
918
10437
72
747
489
668
137
572
958
563
717
777
354
166
779
335
310
1259
417
209278
373
14221
2138
657
91472
937
878
2208
662
773
844
864
438
2732
731
913
541
610
764
792
970
1041
382
379
232
839
338
621
336
1054
648
894
775
442
631
616
291
109
737
1150
894
127
564
448
863
11
815
928
279
897
457
810
386
785
419
1745
508
1122
21667
1602
430
418
359
337
921
2219
938
467
221
565
690
522
761
137
454
223
281
511
19073
258
288
1104
859
5794
581
952
327
584
744
989
492
1230
333
648
869
964
589
771
498
599
1654
2906
677
326
831
2251
916
1337
538
445
400
494
67
705
787
883
2897
993
509
176
387
1017
1404
727
676
715
725
849
794
214
930
735
569
483
642
620
589
158
427
1210
425
565
506
75
701
819
769
303
593
412
944
532
1056
94
584
2853
843
6216
803
1024
898
2435
947
844
831
264
290
1464
934
950
1130
3000
1308
224
1030
4644
360
926
531
507
683
778
700
578
121
702
812
1471
944
966
405
581
673
1074
582
368
730
677
1710
329
925
1210
662
966
698
441
589
889
680
366
624
220
887
674
247
901
748
728
500
149
628
995
12197
210
420
513
886
512
732
640
466
1275
917
164
501
280
700
2296
362
964
324
336
1410
532
608
217
638
609
651
467
761
501
214
828
928
716
414
754
1246
90
796
332
735
209
469
595
255
553
902
865
925
1147
732
1083
728
141
594
272
707
260
5173
940
476
3860
854
379
849
2100
735
950
736
959
822
3116
154
2010
1642
955
873
700
369
768
608
391
971
551
690
833
1852
410
6415
453
212
1081
867
761
904
732
308
383
377
779
703
3847
593
3255
2229
551
519
2305
720
1053
891
1074
1227
1307
953
158860
365
20383
800
111
440
933
3127
1869
597
780
235
1099
894
956
959
391
775
96
501
820
3405
642
617
814
221
541
1178
1012
1840
4051
985
1056
833
701
932
22525
722
447
1011
1487
692
1024
305
1314
1884
2727
556
405
336
254
1171
2910
910
1424
972
497
237
434
146
403
244
1168
868
734
890
789
827
178
2793
309
1205
667
641
469
1044
810
516
1914
833
667
878
985
717
880
571
383
1003
536
851
791
799
867
983
609
881
702
729
857
987
650
1198
985
369
566
202
325
333
922
1227
125
543
1608
409
862
1982
283
1637
957
702
2675
619
818
201
997
555
488
1904
1465
845
249
968
8928
488
925
495
1201
295
752
320
334
1934
482
900
537
626
915
570
906
924
841
362
1883
1760
751
190
837
707
933
632
774
886
681
1470
980
922
831
262
883
348
1606
1314
527
544
958
4276
890
409
619
880
493
418
577
716
806
620
932
828
201
1285
412
538
744
414
19405
766
776
250
688
855
925
281
902
441
783
815
559
838
1611
163
371
837
319
815
415
377
316
3124
428
875
294
445
1327
468
1496
959
1095
660
390
680
4658
529
114
297
722
1079
245
395
518
987
884
529
879
990
670
632
1912
109654
665
580
612
775
660
921
478
449
806
493
1023
849
1190
638
789
4426
622
472
952
487
811
13444
2697
4405
1945
180
1059
279
348
948
846
234
227
2168
1078
572
5946
735
2954
8906
751
797
1016
773
457
398
949
821
721
619
718
615
911
411
330
219
1144
577
738
881
420
391
615
785
6113
760
574
475
3585
342
6120
470
276
709
3163
539
503
1069
361
480
1671
671
859
74997
845
886
1009
924
639
664
497
923
1185
623
7357
258
603
610
418
218
699
1222
565
456
925
6414
424
3251
375
464
317
893
986
806
1489
1444
775
435
274
619
6075
882
1517
61
779
598
23764
1162
1585
922
691
389
623
635
936
5772
1504
594
708
3378
216
917
645
458
2452
22237
449
792
8
906
887
632
393
641
371
168
284
568
812
972
692
1132
890
1775
3443
2024
107
950
2269
549
430
258
1457
397
253
1491
912
450
936
67
827
909
317
815
818
955
1619
554
636
892
1528
608
484
985
368
1636
682
320
397
448
6040
782
946
667
878
484
576
399
511
703
1567
496
673
1536
727
4517
975
601
1185
329
111
802
12356
68203
905
298
262
229
777
1105
1735
502
362
296
461
311
1042
968
1139
675
100
15
511
493
815
598
1542
401
738
277
779
717
2641
477
388
595
911
538
124
873
69
8453
209
2144
814
422
674
967
30514
636
718
499
382
859
923
623
630
867
877
719
3941
649
308
268
723
878
851
900
2232
563
764
457
520
418
783
580
416
974
393
458
702
382
3080
680
509
512
793
881
480
798
777
504
894
2138
1099
53
3725
690
838
816
290
414
898
639
789
867
536
540
599
745
63
397
268
2547
418
448
787
410
172
1701
5000
603
1931
995
290
716
977
862
983
967
838
1432
716
1218
326
458
768
625
1224
161
375
326
672
585
732
766
355
793
826
635
970
3705
1099
939
767
184
582
246
214
571
199
257
638
727
914
975
1764
759
639
332
859
4038
745
489
310
410
1496
152
960
1694
970
672
526
2705
668
147
341
657
3431
349
8511
572
723
609
767
669
386
1639
278
358
2265
765
97
453
77976
844
613
751
812
881
82
1254
761
299
575
177
2886
812
739
195
369
969
222
1683
334
218
262
376
772
923
2053
582
481
301
1347
10797
1602
498
1149
203
811
996
78
769
516
1360
897
973
1869
347
1454
336
470
605
2148
334
9728
486
498
660
338
665
544
890
2098
905
969
688
106959
945
451
171
232
485
5315
456
908
12314
915
838
6457
256
777
740
814
538
589
669
249
122090
925
4140
807
1004
991
4426
723
993
5682
642
174
466
974
892
14708
576
501
1482
676
645
447
2497
930
871
977
909
576
656
917
391
631
999
412
971
580
222
1829
505
960
399
773
744
813
434
747
307
594
513
1386
345
961
786
571
456
810
855
1545
650
192
800
4286
208
415
3768
22438
537
542
641
573
638
366
479
399
7743
4304
875
1338
5397
655
2094
1011
746
152
581
834
512
518
887
44
370
537
1364
1061
920
2322
976
1777
317
1320
788
976
8688
484
415
943
914
668
802
605
4991
1857
952
14751
2538
249
969
5696
613
757
371
1061
239
827
952
110
245
722
358
284
231
718
705
805
280
568
698
809
256
869
265
489
373
1621
620
406
1130
767
1732
428
3526
700
483
782
484
1920
293
939
654
859
369
336
691
4412
520
929
1178
300
391
7964
1023
231
865
942
151
6670
4627
384
791
2618
332
626
616
472
643
861
944
844
522
718
750
323
226
405
939
436
243
303
878
518
768
618
433
609
679
4080
932
818
1788
962
386
1110
983
3863
752
938
907
566
651
943
538
714
267
7060
838
472
565
755
516
577
495
1289
557
774
3221
780
96
608
644
877
438
801
1368
653
424
1996
859
820
695
322
695
2355
389
923
265
755
960
599
811
2276
897
1000
748
515
861
409
690
594
727
615
993
426
382
2194
1132
919
1677
388
985
896
446
877
468
611
544
1430
817
385
940
338
369
811
75
3523
1703
527
205
221
575
450
640
2137
977
308
162
614
745
743
159
327
883
340
1345
356
997
5276
862
783
931
713
213
338
712
762
709
6624
1002
958
1146
928
926
919
241
874
854
2465
420
673
532
859
782
545
457
903
618
661
408
1168
692
619
879
357
3025
806
773
214
696
677
253
2874
644
547
1564
875
697
722
913
1858
561
741
822
512
1636
498
488
861
76
4755
627
387
486
895
1585
424
23174
465
5278
438
2995
483
411
636
184
94
936
2792
781
701
402
2191
703
354
880
516
4997
2197
495
490
923
2986
455
143
603
993
1188
646
863
1483
813
622
5632
614
1420
652
1212
199
682
597
410
559
865
926
407
216
469
976
352
4521
829
629
770
650
716
820
1643
787
146
18290
840
313
2929
990
371
5688
854
901
104
758
336
427
621
866
507
514
2704
554
681
1728
582
918
603
552
673
327
453
580
4338
802
399
1709
795
890
673
870
647
256
781
738
1177
370
998
961
15
979
417
536
773
296
1921
1826
402
1939
749
706
764
494
601
897
302
579
941
593
625
813
669
1897
1418
331
187
535
649
6264
351
274
461
248
443
2278
353
473
441
984
312
229
995
5468
242
2019
1315
79
164
859
240
726
555
478
1994
851
772
643
977
741
390
653
199
599
217
495
885
897
448
1252
347
994
469
453
747
619
313
739
317
706
856
255
8093
510
1142
867
247
371
687
710
692
2308
918
510
741
591
654
615
2746
363
1772
1182
780
1213
2116
724
591
2641
4948
391
1681
570
658
665
469
885
896
985
202
945
2162
479
214
961
418
957
691
247
247
414
1439
957
236
1628
3265
868
783
358
954
503
688
582
628
205
524
223
684
957
7679
704
418
79
481
952
996
236
693
2216
2145
482
866
387
606
502
74330
489
1455
699
1306
1658
481
387
506
947
512
1107
650
1202
357
369
1284
17881
2051
828
545
971
148
534
2880
205
471
979
21514
480
538
360
987
789
916
5255
575
988
908
453
636
431
648
922
848
1203
360
619
1544
957
976
773
2801
14536
512
809
943
1005
648
787
1396
720
326
969
340
486
593
261
628
488
470
419
606
451
17756
524
7685
279
1435
9432
457
215
980
330
181
807
47
997
553
390
982
320
605
321
788
663
439
453
395
618
3347
802
154
84
487
1963
1296
423
560
299
468
946
390
1510
454
436
495
754
638
255
319
392
402
2082
743
821
225
730
452
771
169
1046
1054
2997
546
531
782
418
405
606
646
1838
198
827
694
471
62
503
451
406
1639
809
949
729
3581
602
1480
947
377
139
867
908
677
673
836
659
603
514
977
580
7407
67888
5231
344
491
473
778
576
867
474
388
3214
213
1035
501
779
857
3534
943
2575
721
423
10317
817
397
349
572
419
908
733
431
192
474
489
550
1628
135
773
408
480
651
1871
1094
719
1067
276
456
937
804
115
892
1654
244
476
544
691
547
1171
591
848
591
405
360
801
799
771
653
2345
693
874
409
806
525
572
408
368
864
856
716
1328
552
160
658
282
687
625
118
345
1494
671
198
638
13705
809
461
692
315
56
372
6722
545
978
885
907
620
594
1140
791
669
429
557
404
961
662
651
388
635
728
42994
553
1123
744
880
1032
1365
466
2299
173
758
181
440
297
753
2576
709
875
489
1973
621
826
224
660
493
585
560
826
196
933
944
311
997
119
457
952
969
885
453
551
4273
473
434
3776
912
2964
429
871
358
1284
778
1006
601
732
2283
464
3226
762
348
1767
414
180
2885
287
489
1162
274
555
744
214
766
574
1105
391
576
2010
368
89
1463
439
1656
229
522
990
438
706
514
633
203
93
388
519
895
744
13
836
614
764
957
698
536
947
757
873
258
733
374
200
913
802
998
1701
318
192
545
521
792
1953
324
786
538
744
359
313
281
1245
990
937
703
962
853
103
250
394
267
478
630
724
698
317
902
439
131
2944
237
441
1457
3191
214
697
24
624
845
1441
499
837
1180
699
506
675
319
440
4997
994
1174
562
777
735
8390
501
183
372
981
729
954
244
911
314
490
1126
670
15270
890
311
325
433
658
459
747
923
631
3884
543
1008
2742
1787
1435
984
4269
9732
740
526
549
341
332
1025
358
242
517
997
340
395
675
680
2746
695
731
1876
200
152
466
1307
606
937
573
912
680
2068
4248
780
2784
3277
86
1963
689
993
286
876
852
969
33
595
526
735
515
698
216
1482
2984
615
505
631
585
5356
404
889
1313
645
696
148
637
25010
339
950
418
237
899
241
326
509
639
237
642
850
236
460
1404
409
478
22756
775
551
650
363
346
346
940
596
884
333
5941
178
968
783
153
3202
771
908
1166
1142
767
809
138
634
612
719
328
898
2173
679
969
572
3566
464
586
403
4220
590
764
484
575
810
630
953
309
7828
250
629
4235
498
933
441
613
1097
438
852
782
981
3153
513
231
706
385
549
1453
580
662
607
721
914
776
535
783
1107
2857
387
969
850
367
397
220
872
540
756
1801
520
703
1730
871
511
409
546
663
16908
1872
385
95
532
420
94
917
241
588
504
585
291
558
511
117
846
457
106
626
536
496
4356
380
997
229
825
373
891
606
917
954
689
322
627
383
1458
477
553
463
378
977
713
283
941
1650
235
615
679
1143
450
782
795
1002
356
967
762
282
800
663
218
852
615
131
742
957
491
567
629
1017
1854
854
312
454
348
732
6977
5782
990
643
651
927
542
269
1185
768
846
1814
476
1285
861
698
386
722
181
407
753
1126
445
233
1041
752
874
676
1357
208
15267
913
606
210
606
848
828
663
653
361
691
2226
960
800
516
510
774
641
340
394
747
296
707
977
605
482
109
325
661
1317
237
856
933
1162
893
940
1025
558
755
285
2258
345
640
428
108
517
754
2741
493
738
4289
781
2605
999
71
991
181
582
584
952
479
497
694
896
3059
5646
405
186
620
394
673
894
645
3324
1291
192
723
258
2144
648
1571
444
329
810
396
307
728
412
594
1607
364
362
660
239
438
2999
602
998
571
911
917
603
1205
870
13032
1070
2168
1263
505
944
277
976
1266
932
568
1335
784
1009
986
956
5947
429
360
239
628
450
1364
863
438
987
565
470
539
896
870
630
292
352
215
528
355
927
144
431
1479
3529
614
516
902
179
966
302
538
2041
501
868
491
347
548
153
585
2750
670
2357
637
1596
542
2301
2008
307
728
444
445
647
1136
578
596
577
749
596
916
352
2405
839
749
561
702
983
816
13449
417
1140
736
404
392
954
1137
861
317
4021
466
329
673
955
68
5387
975
489
440
748
456
819
475
405
350
1883
448
437
192
366
1551
671
884
746
4203
573
683
664
749
8401
904
687
925
961
993
869
821
1133
841
1863
505
16012
383
886
605
316
433
513
812
464
918
599
975
339
687
607
7407
1266
389
1451
649
640
3336
939
98
372
721
1045
844
199
377
511
39
614
729
297
1126
924
1614
273
642
19565
714
643
513
316
1125
433
1282
21422
895
1931
625
596
625
3506
599
747
840
630
775
532
217
903
1704
915
344779
981
561
641
491
791
845
2057
326
455
856
593
27683
329
873
621
224
907
742
597
6500
558
478
675
993
696
756
490
1053
877
645
2485
879
611
679
120
70
600
1262
949
3123
836
309
501
264
284
797
988
317
892
247
295
987
246
523
16649
1165
550
2006
515
444
890
591
206
963
424
974
744
405
328
926
721
549
879
778
392
721
792
375
1923
624
732
310
879
596
399
787
473
673
713
565
840
1179
628
2616
387
298
566
828
858
821
268
16825
575
254
559
1859
832
876
987
693
421
638
7439
421
885
1382
658
2366
708
1546
888
885
426
402
1254
1698
264
244
687
575
419
2001
1426
372
983
994
419
616
733
943
365
1517
361
636
206
304
568
2391
414
312
918
453
996
228
531
7523
480
551
926
962
204
358
684
1242
963
917
640
350
328
757
959
540
152
667
744
3748
3469
564
173
702
742
885
609
640
643
113
1171
366
587
303
67
672
967
821
600
1932
468
570
337
701
957
699
686
156
412
1594
859
870
179
393
659
223417
694
587
837
862
1270
474
971
559
356
626
681
708
142
437
700
822
746
1044
623
712
1179
375
784
946
6848
823
505
967
577
848
495
880
915
742
436
665
859
2150
569
694
720
615
3245
281
418
930
649
436
1315
924
394
592
186
832
830
937
850
590
861
997
393
824
394
582
1157
5745
699
523
1976
2436
432
728
713
1677
257
765
419
225
657
719
320
434
754
987
618
300
939
502
848
606
543
992
961
746
409
660
4523
164
356
365
785
847
944
755
603
3596
1742
612
914
551
981
2691
1161
976
718
4370
322
474
831
2363
855
220
666
510
1074
1069
7493
690
382
194
564
2526
589
789
434
998
379
703
848
753
675
895
533
883
607
205
690
926
829
602
612
381
741
931
639
325
800
746
947
838
2656
214
340
327
770
8164
1991
442
9458
356
482
993
812
791
916
262
337
422
308
833
933
541
540
433
633
15517
1779
184
667
303
256
482
573
955
361
666
754
930
146
838
1753
576
167
1270
814
783
915
481
759
741
583
2122
323
290
526
296
327
549
343
480
868
806
874
780
43
151
2523
263
374
793
429
355
566
1516
166
990
517
800
287
374
1046
983
992
898
1862
1287
945
1487
489
724
1140
656
4416
836
609
195
338
846
512
739
1058
394
217
711
992
115706
883
597
733
677
614
532
842
614
1405
603
682
693
801
5351
740
428
537
641
612
3237
2057
574
771
622
1352
301
265
456
437
743
371
313
401
528
591
124
962
922
828
626
2173
562
917
576
533
949
656
838
1010
2187
725
412
378
823
496
754
697
363
599
232
910
1106
571
1038
560
686
565
343
715
168
105
953
272
665
10105
37188
631
335
684
879
10835
154
645
694
193
431
356
645
408
929
139
474
551
6945
284
534
418
916
243
150
420
583
1123
98
883
485
698
341
406
667
245
438
844
151
503
272
525
650
837
299
412
804
887
178
219
862
1129
459437
109
510
870
693
367
1240
1455
767
34062
126
83080
500
1898
725
356
374
363
423
594
265
353
558
709
778
627
3478
2340
546
443
298
955
507
547
897
437
672
530
1529
141
691
809
243
701
950
1078
2714
313
844
561
786
2530
826
724
635
450
1970
371
107
1964
694
1295
582
983
152
535
416
520
995
316
856
882
1077
546
410
901
261
2565
492
760
3962
352
637
361
559
103064
1251
1720
1787
552
992
891
1403
996
193
266
358
298
696
956
631
1227
385
3749
1580
631
258
621
275
1901
219
891
728
901
795
2105
1209
322
844
1138
723
2778
243
2044
734
1450
299
663
685
19157
702
837
715
274
625
746
3150
824
577
617
487
740
443
453
1157
574
432
208
839
823
521
757
407
303
466
543
923
995
311
444
1104
919
701
783
280
161
1249
9537
762
515
950
297
1990
299
1758
722
439
230
406
181
1146
417
257
457
269
855
651
777
1126
10736
254
980
594
329
434
611
704
477
500
853
975
778
888
465
918
424
895
461
791
971
585
790
15790
2495
845
2428
959
660
591
1312
788
371
3393
528
1096
977
2999
638
3738
175
1962
224
521
865
415
725
1625
334
394
186
954
666
972
705
801
751
1189
572
990
840
813
548
716
2631
691
392
195
829
276
375
2097
716
469
249
318
1299
854
536
733
996
653
1890
578
954
478
249
700
738
784
500
2510
940
109
2688
628
60
954
495
744
244
1954
1693
510
1102
600
660
859
915
322
936
240
338
434
511
519
2964
4583
1542
7941
584
901
829
571
632
1111
326
538
370
1486
1354
482
1300
468
940
196
6829
834
967
107
683
537
374
641
3082
730
602
2321
819
1474
744
71
484
523
2342
882
285
227
68
245
1295
367
378
741
655
820
327
1357
1023
4097
931
344
504
5808
3067
536
187
15294
1913
897
973
548
179
804
834
786
882
642
833
305
368
735
358
1143
903
261
763
936
903
481
815
431
427
388
1808
1430
6341
834
3969
628
576
1229
1109
652
766
454
89
927
686
867
2587
729
2050
835
756
442
971
846
335
680
237
737
406
938
490
338
678
683
709
321
2311
362
268
183
405
1135
442
3048
1785
854
566
394
829
942
993
501
334
980
697
792
77
2352
844
529
521
487
954
748
954
701
430
566
1086
574
250
5305
764
915
476
658
567
4421
2587
898
752
337
967
206
816
3175
582
821
796
876
950
372
3851
1009
53
328
966
2820
1809
467
837
856
649
711
422
608
242
2139
407
568
836
792
196
798
790
193
439
207
516
391
225
983
223
815
1467
709
861
2735
735
523
867
51
395
495
531
563
771
606
698
1141
1770
465
50
452
543
1602
649
919
1519
978
913
426
1022
950
795
794
757
312
475
761
594
754
1317
792
350
684
822
2061
387
342
509
8017
593
1197
834
881
988
905
604
849
959
466
645
765
862
213
225
300
608
878
327
925
908
134
806
831
749
314
233
549
665
940
497
963
587
843
3837
910
14147
382
960
461
169
990
498
507
634
465
152
779
628
421
879
779
4701
672
676
1427
732
353
1181
926
2304
262
287
987
947
550
581
596
1842
405
898
92
1174
2395
138
3827
345
794
526
627
179
436
262
511
853
256
16883
2541
666
1136
760
846
1258
831
1208
5940
7603
472
380
318
945
937
2189
361
240
1047
1847
1806
525
869
940
755
791
888
836
438
815
394
655
566
4617
943
856
503
969
708
349
861
2
1575
218
640
683
359
1183
769
620
366
222
812
540
705
5453
2675
2638
675
654
982
614
353
186
766
586
723
345
153
3469
21148
915
784
290
385
218
349
786
452
885
6308
915
925
447
614
321
388
863
4484
110
478
852
885
424
2354
685
393
943
620
189
110
70
340
554
186
16170
922
504
1324
283
2679
219
4200
1381
850
412
3257
596
1311
720
589
780
492
152
3495
524
927
999
860
686
717
189
682
863
911
711
982
130
193
4148
359
6665
2203
534
180
711
845
833
999
875
750
318
11203
674
997
2766
587
956
702
573
652
188
992
336
852
641
548
907
332
1204
156
925
990
416
805
7793
168
421
791
818
830
745
531
903
826
805
948
755
852
614
1430
917
844
2964
1638
279
585
424
927
415
409
5283
401
107
1195
567
643
414
2111
626
620
337
647
751
865
997
878
9099
463
8670
898
820
105
809
1394
591
546
1144
495
974
994
2161
659
321777
404
645
326
920
910
261
715
10290
551
809
468
658
299
63
1356
727
828
1059
248
3328
755
824
758
793
212
16044
443
571
292
301
228
552
410
860
221
728
633
2893
703
411
814
182
3296
398
102
693
564
2465
600
1123
1940
905
967
796
795
379
397
670
754
510
523
1522
731
519
988
414
137
1184
373
102
1263
301
214
4624
932
775
406
2790
56
775
4582
716
544
773
