798
1040
6968
1572
208
644
298
5061
3496
214
106
584
644
504
421
1726
434
600
719
919
386
18406
970
570
7779
4065
478
351
225
719
233
572
300
532
787
271
1287
875
476
1393
290
955
568
859
912
233
701
741
1114
631
554
639
500
513
602
421
441
396
2313
426
900
344
835
530
725
532
922
458
209
1092
917
1854
950
1928
2002
351
248
918
362
825
116
417
4549
1022
342
936
64
785
439
8452
256
2048
484
824
694
841
862
388
952
4431
743
785
998
2173
287
572
348
596
7041
1302
411
295
467
465
541
207
937
729
959
768
423
673
26246
1262
514
955
492
797
572
229
358
827
967
926
663
630
679
514
5941
562
7755
809
942
791
29
1966
542
506
250
766
1376
3108
410
915
666
972
152
2208
144
968
456
560
11318
530
674
1013
951
378
741
734
162
879
303
975
614
1070
592
3192
403
5798
478
444
172
349
768
428
931
920
848
3694
470
273
759
1176
665
372
220
967
1528
660
933
1135
616
981
872
656
900
445
530
686
435
963
882
2065
381
1813
450
905
200
736
682
324
450
476
407
264
799
600
466
1122
730
8
3458
1619
791
1030
264
552
1751
558
719
1299
457
336
810
1480
360
829
999
1941
1566
516
502
971
714
3940
235
99
1331
384
681
881
697
502
351
593
611
1016
457
240
461
668
469
643
332
752
2075
605
429
58529
2995
442
732
975
495
1429
820
578
26
352
2776
395
842
840
197
663
494
573
451
898
621
414
628
1047
135
647
1606
786
925
276
1264
9007
824
559
282
221
506
625
108
135
609
463
2465
285
607
5891
863
2425
245
849
465
4507
3166
841
252
943
804
910
887
637
7848
281
621
522
601
328
996
3919
672
337
348
525
952
184
716
504
909
401
487
612
909
447
945
1191
2480
428
3942
980
2145
481
772
775
362
512
271
475
134
830
998
672
433
2965
1222
628
232
350
433
1155
223
794
1324
1002
716
867
1703
512
725
894
66
742
610
1297
330
772
1372
1630
476
410
528
775
515
903
376
565
19186
849
359
435
873
346
719
932
347
408
308
243
261
221
374
1498
136
739
394
286
168
282
637
466
3498
845
843
870
491
912
352
2293
695
740
502
765
484
4122
776
76
834
470
246
483
668
578
957
783
2752
1405
1228
481
657
560
550
140
974
489
689
492
729
690
735
638
572
578
174
1229
5629
1978
564
302
2462
1154
984
1138
182
649
809
1666
1128
314
2349
4391
1814
381
2470
638
886
1982
230
914
2386
49915
1757
1370
907
778
940
1504
741
409
3050
701
2729
920
748
206
683
1593
725
627
971
579
668
446
550
716
506
6658
547
373
472
2974
3306
414
681
927
50
1000
2753
398
208
556
898
658
766
4145
918
262
978
761
1375
591
644
4464
91
459
880
421
461
542
126
231
575
964
168
2995
835
590
962
588
468
781
1076
963
877
649
4719
251
426
710
334
732
3635
332
959
683
646
529
3201
370
281
1327
1029
1028
923
757
1577
851
904
838
967
959
393
145
430
502
709
252
721
191
1209
6205
2540
972
2175
541
4119
991
403
712
638
1066
735
532
448
1160
50
511
515
898
658
113
371
623
423
882
613
925
389
3847
302
991
286
455
260
707
677
798
891
808
340
1222
709
865
332
509
549
861
679
545
1457
668
301
718
877
932
9522
380
878
988
900
985
688
847
1171
1240
974
410
900
989
880
139
660
1860
333
8797
869
1458
1071
840
460
8965
397
836
500
1842
2271
697
2981
978
975
735
2127
804
998
363
988
778
506
970
822
507
458
1342
2872
786
402
429
391
679
277
806
1178
543
165
81
1160
3310
875
459
874
1590
810
680
828
2563
10743
650
948
826
276
2244
912
2216
3755
470
332
9528
586
357
506
891
12622
304
3531
810
395
5769
833
811
346
37
319
4766
779
996
1215
275
444
688
474
893
921
126
844
722
294
550
2867
1554
948
1361
683
778
452
491
358
2185
324
496
16768
444
342
137076
575
428
739
760
1345
257
291
939
4546
7061
1126
446
800
1041
435
636
1003
1255
364
812
560
2147
375
3311
1814
18200
865
444
665
800
4220
450
632
3951
906
757
873
65
757
7631
1095
136
575
1460
317
566
2630
461
355
515
872
793
498
429
3141
66
1085
576
683
237
110
2074
108
1415
212
1629
370
688
2921
437
2341
335
921
642
845
843
935
1185
42
3269
941
607
746
928
846
381
552
864
498
652
896
669
594
1233
1064
225
623
653
749
968
1111
497
514
611
541
726
787
561
934
798
785
305
867
1211
729
593
815
912
772
603
5913
1654
447
962
476
824
530
1364
400
245
285
1937
321
428
265
509
1335
1764
330
883
433
249
616
2042
897
1569
520
1330
724
1420
993
1073
2970
383
443
503
426
846
662
883
1438
675
7425
336
869
425
920
771
7982
477
830
478
329
1574
537
20950
466
2315
1603
840
900
649
945
152
561
78
240
155
355
844
169
5565
540
426
480
4422
1003
1704
937
924
11934
73166
3100
427
33551
389
738
4101
328
971
537
644
853
385
94
620
229
722
2490
1288
177
712
543
500
1249
495
1282
465
821
167
1129
544
448
1650
698
148
441
572
479
9175
785
74
322
605
571
622
203
539
496
529
707
1723
319
925
63510
488
880
856
737
268
1357
606
986
607
3422
652
4263
390
664
916
520
286
1596
756
318
864
616
304
698
438
226
8780
738
321
528
619
674
577
352
1794
13530
467
560
415
857
479
871
85
179
1825
406
990
662
1120
591
142
579
887
3536
237
841
701
668
732
826
1004
397
904
973
795
452
569
893
729
301
950
666
942
888
836
1173
977
897
880
3222
684
2059
707
2519
541
921
7898
987
340
610
4721
428
479
699
328
871
917
644
327
690
600
445
640
680
10943
711
696
1016
368
316
555
483
610
782
437
265
8164
757
803
872
871
867
471
1137
568
733
2950
700
981
777
7248
509
5703
2344
288
247
1030
920
163
925
465
831
794
362
690
521
5951
187
610
1191
1233
445
1061
899
292
323
1704
935
994
412
1747
687
10718
597
748
338
501
450
740
894
929
533
2315
322
499
413
236
707
5498
862
658
2095
533
419
664
99
5365
14459
1353
1059
576
508
825
56330
449
596
527
585
1017
571
767
3135
3204
371
650
710
960
791
240
875
4933
929
715
251
481
996
1392
436
433
703
212
2128
8881
1491
738
976
723
993
647
580
441
536
295
373
10856
1459
916
1325
647
983
3830
818
477
98
537
380
685
416
943
1603
981
511
552
829
444
1105
4710
821
768
726
663
589
1177
573
837
1305
346
937
698
1840
426
2686
351
928
913
813
901
709
499
556
792
436
281
905
356
349
561
2466
340
2860
681
1862
700
521
628
876
1394
2177
324
627
3902
143
1129
569
1465
942
265
682
222
660
1563
362
518
337
899
511
4982
1162
626
3889
220
929
539
220
1017
564
454
1431
422
434
438
988
2226
1268
494
1317
734
621
1481
873
556
808
762
33043
344
1232
438
732
654
869
634
327
663
474
880
121
882
801
708
433
173
5923
276
659
1346
413
1176
567
818
346
599
329
601
3029
766
790
782
782
272
138
86
771
663
743
691
965
271
643
677
140
721
832
496
994
552
300
734
945
3215
850
352
525
367
815
409
208
800
362
1775
1267
544
567
488
847
593
2432
671
215
785
375
2400
244
693
909
1830
861
858
266
574
260
1355
653
610
720
634
996
414
279
944
4043
923
852
636
216
266
962
470
409
430
630
595
597
790
589
8781
730
883
716
2102
816
939
655
432
653
3924
3277
607
10007
255
1428
816
830
539
609
303
423
1048
295
164
457
315
444
741
379
870
815
980
1672
12889
671
856
123
597
911
541
559
442
282
826
409
697
262
995
966
2565
369
874
2774
692
1458
979
580
3902
906
576
1292
820
755
319
272
489
870
476
657
617
429
393
891
81
1096
785
614
585
267
859
465
361
6994
71823
628
564
1278
1048
599
309
217
672
302
356
947
12387
729
1056
1256
890
1182
896
498
416
400
832
5724
455
814
23627
835
990
972
626
655
351
368
318
624
2708
1200
914
472
1264
952
636
3243
247
679
710
271
818
523
627
1355
2039
1445
708
733
939
908
406
967
221
546
610
858
3626
662
749
675
844
283
1814
950
468
397
500
625
906
913
241
872
379
723
935
208
340
779
931
610
632
202
738
975
321
630
641
982
504
637
4661
597
159
790
453
1008
426
956
229
864
714
1678
249
250
487
974
155
2320
3050
2043
595
1226
820
862
566
2258
474
193
7477
864
546
500
250
233
1577
370
515
354
847
860
848
134
24410
370
817
388
4136
805
704
2429
393
368
831
895
800
3454
616
771
794
832
698
896
969
537
606
324
773
420
121
4195
718
719
581
506
775
353
204
5590
480
300
1247
1307
509
337
939
556
992
972
976
788
956
643
12950
885
766
395
278
225
936
1421
629
775
889
779
1331
718
426
762
1289
919
2434
1286
320
595
824
572
694
642
665
920
2609
521
1318
1380
837
808
289
678
985
755
488
106
4109
917
812
987
743
322
887
800
435
585
774
713
4944
3171
433
517
992
168
911
501
461
862
380
570
569
151
600
417
1075
980
675
1206
10372
465
640
706
242
449
579
619
854
894
1724
1428
9045
1409
289
876
419
419
376
438
694
391
796
5767
3405
220
2808
878
1371
522
366
412
3051
863
888
42823
434
780
622
341
567
7431
456
2888
381
441
