1901
798 179321 1556
708 945909 911
615 905185 130
838 286683 183
202 405477 1958
644 506758 1365
153 637193 2140
559 763552 151
260 171032 49
214 220468 1612
40 213849 2031
584 354469 1810
81 804656 1250
375 708261 1408
380 509084 1212
244 886816 514
16 407006 940
600 419188 1371
719 382401 1357
919 188683 1443
206 385924 1002
910 919357 50
970 343047 532
570 666719 1707
684 699413 90
62 85292 21
478 27137 1391
351 97531 2476
225 177279 1748
497 573976 800
106 311098 1339
572 150431 1187
268 537368 1793
532 120433 2335
787 283541 1719
271 378340 2279
712 613028 477
559 606603 694
476 127878 370
866 656388 472
79 674062 2330
955 245504 2432
568 496095 1855
859 524049 946
912 683577 1234
233 87001 1102
701 160885 1349
741 316922 1984
100 832466 748
631 338193 1962
554 86356 537
639 345752 1119
500 187072 2331
482 489815 956
602 486949 2006
421 12264 1494
327 685239 1555
168 701970 1777
109 818445 354
426 158752 1338
900 661622 2112
98 838465 2442
598 288010 346
530 321930 1788
337 230668 319
532 275457 613
525 733944 797
35 935045 2045
209 275772 2464
856 846934 777
917 556751 2484
103 511573 276
950 844335 1161
952 908633 472
97 578204 289
10 765693 2185
15 477361 1932
918 114772 2095
362 248340 1536
825 268821 1067
95 268556 2325
417 652982 2385
900 808742 178
31 378769 371
342 488508 1744
936 416686 1720
36 122257 1936
785 399608 2240
439 203575 2347
617 574085 68
156 455608 1783
269 335557 164
331 446961 925
824 354818 1709
694 920001 2402
841 213569 1323
862 498273 1259
114 617406 1594
952 853881 1479
799 473217 107
621 731485 986
100 788788 1006
998 420797 1511
536 651261 300
287 44736 2153
572 717073 2329
33 535254 1540
596 603882 2414
966 639682 91
13 904637 695
331 916912 2237
295 219379 1564
467 316402 2203
465 374703 2048
541 137405 388
68 207506 1005
937 157583 1858
729 496529 1430
290 625521 653
768 762169 1033
29 595411 1410
673 369485 2299
833 786538 30
948 437912 348
400 773765 1509
955 166157 2184
492 870236 1902
797 621469 2249
572 730294 1307
36 483801 2114
358 691761 2444
409 591855 717
967 522315 661
774 898709 972
663 494638 2246
630 605390 2048
679 634146 1968
197 753597 1467
371 581817 98
562 51761 378
565 511219 66
111 980823 1214
942 386758 2058
791 229669 2393
6 69575 2442
823 875867 446
358 908410 1677
506 9199 1549
250 75775 784
766 577992 1259
477 868619 632
748 701618 226
319 498447 1219
915 626031 699
666 156267 2161
972 145140 2038
79 99307 654
586 184832 84
82 321203 2243
968 263130 2451
201 159370 350
560 226205 962
907 813930 72
530 119172 499
441 942489 1401
663 896559 886
951 219284 498
378 43758 2176
741 445308 1041
734 133324 2392
162 59263 1279
32 230244 262
303 183238 2324
975 101200 2383
614 60036 1294
180 787222 736
259 970689 1641
503 826205 259
403 582075 2181
230 104121 18
478 99393 1848
444 22082 167
77 320419 1872
349 149308 1782
768 281359 984
428 67568 1051
30 996597 1071
920 675913 1700
848 736220 1431
475 623658 169
470 150059 1956
273 146910 769
759 282081 1865
758 764607 651
665 744149 1246
314 835025 2250
220 96476 1040
967 448138 1840
800 762783 500
660 292485 2120
933 659975 977
284 967600 853
350 400607 651
981 78765 862
872 822705 1870
328 807817 1233
434 417934 465
414 872064 1963
530 357294 1473
686 986929 2091
435 534607 1811
963 301037 1712
508 666950 757
515 633416 307
75 734189 1932
336 237116 131
406 640071 1424
905 240732 564
200 223010 1254
736 311153 2103
682 742385 1366
260 676412 2089
450 238137 769
476 294010 1078
307 403445 994
100 621840 2364
799 290290 433
600 458369 1660
466 963006 2160
528 840255 750
730 46553 120
7 7250 1006
272 791436 229
516 682343 422
791 69137 2142
255 890507 865
264 528363 2469
178 777475 1411
272 442679 253
558 91459 2362
719 157864 2251
725 748501 577
457 404740 2447
336 90613 1664
632 886125 1095
258 714143 483
360 130677 873
580 792839 958
999 480869 1363
799 179661 93
782 835331 534
237 826418 1605
502 333710 1109
971 307938 781
714 265857 2144
213 464700 118
235 379780 2179
99 60812 1643
444 675209 508
384 84030 1754
681 778418 1247
881 431287 1151
697 167810 1122
502 195810 1292
351 288710 1417
36 647807 1093
79 516351 846
895 537334 530
457 523633 1345
240 106304 1935
461 222944 2388
565 969257 1453
451 714388 1527
556 807791 1258
332 235944 2013
752 33952 1519
483 744282 359
354 974700 1614
429 570429 2435
644 994334 17
88 979198 327
224 239913 544
732 806564 2015
975 249367 2054
495 182556 1144
299 785316 550
820 77052 1921
558 271567 471
26 10330 2234
352 533489 1632
410 674087 243
140 319235 810
110 565565 672
840 789874 1103
84 457658 2332
663 382413 1053
494 409374 1279
314 318118 556
112 594362 1320
898 988575 2138
494 319927 516
333 765025 1851
628 577876 1151
624 741353 709
120 274772 2047
647 563677 1979
902 771164 481
786 488631 968
411 927050 1003
276 19656 2061
783 237976 189
253 738281 82
824 513982 743
559 849101 2266
98 421293 1499
216 366207 1662
506 472065 1456
625 24844 2343
13 264637 2472
53 226399 1686
609 460377 1014
463 417762 2410
145 581571 236
285 516743 1970
562 300273 496
85 606642 103
863 317885 1588
256 722245 298
19 544118 2229
849 958957 2474
171 640203 1378
712 679724 151
32 759763 240
841 301667 713
127 599417 2387
943 81673 2285
804 344922 2280
910 107458 1984
887 280076 888
637 697520 2363
49 698384 89
232 485505 1733
621 305878 1054
266 425152 816
231 483864 806
301 411998 1259
996 251622 1340
52 854265 218
672 208804 2132
61 444628 1320
181 512391 1476
525 404732 937
952 729323 1763
141 328851 1789
716 344469 1188
504 95364 2166
909 260633 1014
8 697529 1740
487 440149 1960
612 392919 1121
290 618333 681
447 605544 2333
945 907891 1758
895 759701 639
482 969044 391
428 665655 2458
364 728877 185
826 595705 609
32 362442 169
481 812277 2413
772 198988 1572
440 663657 858
204 662469 1833
512 54507 958
22 518185 1917
475 654590 1828
88 118508 890
830 14318 1360
998 513973 1978
202 613073 913
433 16509 46
954 763791 258
667 710489 582
628 336420 1413
137 153256 663
339 862433 2468
271 583945 1352
33 696252 603
82 539250 2429
512 831743 1049
689 998772 755
431 743808 743
716 166502 2139
867 409592 936
37 662294 389
388 549674 1075
725 481414 2303
894 749313 1171
54 124512 1905
742 525516 2302
610 259369 2158
857 899883 695
168 694438 2107
531 479559 622
509 864598 631
245 651515 400
101 471458 991
410 129758 2371
324 860683 1632
775 698678 2378
329 794610 1546
903 221017 1966
376 492866 2090
565 717823 2108
75 805704 42
849 143755 1248
286 721918 2017
122 272932 629
873 335237 564
346 405066 1409
275 975773 1358
59 972420 1044
347 282232 2280
408 343956 1278
308 236966 2471
243 244795 1689
261 216445 947
73 508451 2303
251 723338 1936
267 762178 509
99 302738 2237
507 713363 967
218 215449 548
286 88670 1299
147 370126 2208
39 80765 287
379 971669 1526
466 272420 1532
719 754741 216
476 440158 522
843 502196 1459
870 19874 1897
491 64817 192
735 613005 673
352 315000 2342
480 721578 315
327 513875 740
135 824325 1115
502 198037 2362
539 478089 626
391 760362 1575
782 642216 156
776 477793 1579
75 139567 1844
97 869653 1044
48 893811 1905
246 107452 765
483 737572 2212
668 526645 1055
537 821095 1422
957 385767 475
783 747725 2082
619 549762 200
750 343248 245
352 469616 383
481 22056 1128
657 492490 2375
560 244265 1586
550 280256 1092
140 7303 1869
974 542289 1685
106 310230 635
150 550283 799
492 327620 1747
729 887460 1660
690 197144 807
735 405868 2254
638 707970 2187
347 723153 1266
578 209862 2138
174 46032 2191
162 896840 730
233 613253 109
488 956418 484
413 725026 1287
174 671077 2226
810 420033 171
753 571287 496
984 797807 1572
701 863617 760
182 67228 1351
649 55037 2056
508 968798 1199
687 225786 136
709 567341 504
314 153817 1252
344 469351 200
133 676008 154
973 608338 336
252 702871 1846
32 464193 188
249 531841 835
886 21791 2237
472 976447 493
230 361045 1797
914 815940 966
259 772537 324
594 947784 19
316 932583 531
814 736046 538
907 530826 1820
778 68567 2007
940 785429 873
229 420875 280
741 842085 1721
322 489280 1199
928 813272 267
701 2350 456
425 228780 84
920 661245 1714
355 848178 1135
35 288898 1405
672 762108 1118
429 506055 318
725 630988 1271
627 734197 1226
596 571880 590
579 234146 628
668 719312 1149
446 112686 1191
550 35905 241
716 524943 2077
506 868640 2394
942 851218 128
547 904669 2430
32 875868 2349
472 629523 2164
294 841328 283
416 601148 182
261 591404 1430
681 450356 1403
927 448061 2199
32 91583 1847
1000 347909 1308
267 525442 191
398 269270 1635
41 325173 1570
556 457875 1227
898 490125 894
658 658450 1985
274 515681 674
974 380322 92
846 567004 619
231 578386 2214
978 239688 1542
761 966993 1998
477 692033 504
478 849940 1439
535 738489 1149
657 490343 110
46 216175 2400
459 156418 2187
880 878870 1247
207 916948 2182
461 884505 2124
542 938212 2006
46 269607 2156
231 10069 543
575 472522 1954
964 315120 2423
97 398817 2385
155 943239 315
299 952391 1141
590 389205 2135
962 569321 2157
588 727533 2372
468 421281 1140
781 294418 1222
932 860683 801
963 760422 2188
877 886511 1426
649 376342 1126
340 929255 197
251 87637 2116
426 329274 1858
710 591134 1343
334 458870 2073
732 319438 1628
852 533468 147
332 266104 1655
713 946424 988
642 972934 1427
646 159147 820
529 681752 1490
47 278424 87
370 512782 2057
281 328182 1733
753 750320 566
149 745795 725
176 778437 758
923 491463 2254
757 86344 161
99 866914 550
851 181682 1153
904 38596 1222
838 111783 1274
967 824636 1429
959 443149 2147
393 186628 1285
145 82086 2366
430 477650 1506
502 456063 2500
709 496977 1266
252 383172 2243
584 284698 396
26 464813 2446
812 714573 592
238 589216 95
44 708585 279
972 180190 863
747 616908 284
541 546079 2079
143 745229 181
991 516665 2306
403 477777 1793
488 582529 819
638 930971 2338
64 830001 779
735 48884 2458
532 385118 1218
448 960533 2377
624 773616 668
50 36196 1115
511 89408 917
515 53405 1426
898 213609 2189
658 200725 2058
48 237245 2115
371 117904 1804
623 784309 2339
423 586009 2367
21 387833 440
613 281595 1303
233 894764 968
347 853320 2200
734 403162 105
302 60021 2236
991 585847 2039
286 462755 1775
233 973767 2144
202 168349 650
707 127289 728
677 476203 1969
798 365688 1773
891 907274 1428
354 495509 614
3 660107 1947
665 318094 261
709 380705 2198
865 613856 755
251 517737 1563
129 987188 1942
454 521619 952
861 542722 2139
679 281415 1338
545 63183 888
32 706557 485
668 696360 1544
282 514092 1711
718 54905 200
544 949371 1084
932 744961 1568
602 656366 69
380 63090 1727
878 783139 2309
988 76368 2281
900 842474 2349
985 240506 2319
688 922247 2029
847 814045 1924
773 981190 839
751 737027 595
974 905209 1840
410 100291 970
900 206945 899
989 439258 552
880 716598 998
53 236739 1713
74 789627 1197
577 514493 277
92 136578 411
927 905115 103
869 404344 992
151 472057 324
383 709429 663
482 880597 1050
460 687973 1823
162 968018 108
397 669045 1940
836 628067 1023
500 291417 965
754 634581 345
761 653071 288
697 512594 931
320 881862 296
658 900751 922
840 872904 897
142 955059 1301
938 951935 448
714 110955 139
998 379760 2436
363 40106 2265
231 418661 424
778 756504 1845
506 47592 1713
970 518665 1153
298 955908 1164
507 176623 1035
12 630666 1380
839 704870 526
620 513420 179
129 965795 1229
402 198628 1468
429 981962 2399
391 164760 1167
25 341122 503
277 283571 2025
806 197539 1191
632 503322 428
543 391548 955
26 347430 2117
20 151978 1898
634 819472 707
18 562582 170
239 374062 428
151 474004 1035
874 451047 1878
182 451329 284
810 275798 2219
680 154123 1704
828 959010 1975
227 696904 272
121 665914 62
398 583088 899
948 852859 2486
826 401544 573
230 619880 2248
976 506113 226
912 39691 2067
783 947438 428
524 840561 224
470 33993 734
332 11096 1988
64 752588 79
586 293411 669
48 356983 1002
506 654145 1642
891 173865 459
138 681443 54
304 44147 336
30 815499 231
810 494869 937
395 81953 1785
809 945165 164
833 77645 2147
52 922547 1138
176 633293 1835
37 54988 1589
319 283092 1530
801 566258 119
779 441598 1383
996 916989 1357
978 814261 671
275 86164 2251
444 677533 1612
688 171255 1681
474 555864 1273
893 953715 1635
921 380499 1605
63 250442 1996
844 751691 2277
722 398829 1975
10 733810 2500
550 183785 968
215 940110 328
529 979708 631
948 398089 1979
661 909648 669
683 368872 572
778 191891 1169
452 357882 1645
491 245223 1385
358 65816 276
261 843045 386
149 762547 2355
496 529799 2039
307 787756 47
444 744078 2007
342 12550 2014
259 959273 7
347 858134 1495
116 830321 1943
434 677517 918
760 910666 2370
50 255399 190
99 632826 2463
291 334020 1291
939 169534 1862
533 690354 152
714 578211 82
933 85720 77
364 185432 417
614 860292 1077
662 952360 916
236 940619 2163
419 194792 307
405 723163 722
47 254706 203
34 378730 1043
812 348415 1137
560 487015 894
171 624570 291
6 616096 1647
122 251442 76
837 470755 260
951 690615 38
865 99671 2120
444 449979 1712
146 847576 1275
800 874034 1191
752 400091 95
214 769262 1713
632 63794 1166
959 330844 84
906 448057 1621
564 886504 1173
873 625062 945
65 40426 2348
757 199050 1588
839 830910 109
78 996925 911
136 113534 2241
575 277426 2063
406 130948 90
317 388779 1984
566 13091 1076
509 528016 201
310 392070 852
309 741808 2091
515 166248 1316
872 344417 1116
793 916970 1918
390 843086 1694
429 130458 859
351 354577 113
66 11223 2431
894 115165 107
361 564042 980
683 12884 774
209 467377 1976
68 219578 2012
516 291782 141
108 11437 414
317 366054 259
188 405478 1919
715 951713 585
211 859743 2329
688 772915 1211
338 691745 237
354 363157 833
93 997123 426
173 191969 574
921 101612 1541
642 26405 216
845 959943 1921
843 926268 1915
935 847057 2497
828 598732 506
42 54728 2326
604 953822 292
941 595571 1169
607 14769 730
427 785109 1054
716 651662 703
846 236335 1755
381 48654 1214
323 531143 964
864 300698 1610
498 229915 2154
652 737225 1257
896 857262 1984
669 156192 2491
594 414438 1215
327 751217 610
187 991066 932
225 123420 591
623 540078 1966
364 806175 1237
749 579598 1029
968 463573 1565
153 627541 565
497 779187 1671
514 24553 425
611 424669 1364
541 820549 2125
726 464498 1095
787 94522 1396
561 149802 1288
934 599969 1706
798 201269 353
785 837765 1703
180 509380 1676
867 206542 1551
733 775210 641
729 246768 2237
295 133584 226
815 177968 1991
912 245614 1152
772 510339 762
475 240483 400
594 779910 132
764 773301 468
447 203552 1613
246 394157 410
476 160114 2432
824 139887 608
527 538832 1018
318 787605 578
400 21795 463
245 68528 1171
285 74023 1982
784 798975 413
321 77131 376
241 347774 814
265 60780 573
324 890776 1754
871 758507 569
436 250045 142
330 5862 717
883 630396 1197
298 610017 1412
249 111496 2079
616 409454 1864
140 542820 266
897 969790 1897
420 969075 618
241 928079 1787
291 580500 437
724 398579 972
837 371063 262
993 343542 2132
626 946242 883
303 575705 194
383 77653 2233
443 56601 625
503 141035 1744
125 289178 680
846 948983 1194
657 775423 1173
883 704610 1158
996 69463 49
675 439007 1929
200 771918 104
255 103004 308
869 417682 569
425 71841 1798
920 683040 801
771 961665 1443
988 837060 105
477 67979 221
730 613052 740
478 204435 599
329 750298 2427
894 368778 235
294 939224 1751
584 565058 27
466 565736 1352
470 460085 199
873 454286 284
840 340196 2309
900 401388 478
649 881356 2372
945 159865 1225
140 301649 1996
561 136381 586
65 126394 1627
240 178294 822
155 332496 2437
355 106449 442
782 905504 1074
40 152498 904
167 72169 13
347 909418 1685
426 283352 1283
379 785791 1638
52 720598 163
249 932490 930
540 898941 528
937 568226 2293
924 494518 787
48 536970 45
951 438042 6
410 724786 234
76 493054 1157
114 939303 28
141 788211 2029
738 850988 1498
128 114690 28
328 29934 1413
971 504626 1754
78 975731 1818
196 838894 1304
119 759024 891
385 254566 2323
48 143979 1534
467 586677 948
229 88787 1901
722 135602 402
129 935952 376
645 787378 612
177 151817 1881
712 247622 1849
543 563901 2368
500 167444 1668
743 792245 635
495 849963 2196
773 496484 388
218 498876 1075
68 795450 970
86 144747 869
850 666016 591
544 31965 524
448 157925 1471
158 912236 553
698 880932 2451
148 254263 2421
441 168044 636
572 175937 853
479 932904 2152
465 384871 42
595 89650 115
1 153528 2094
286 42763 134
605 641319 1311
571 153966 1365
622 413089 815
203 80265 1687
468 459738 854
464 822745 1663
529 65609 1362
707 73892 2135
38 849142 493
224 794959 2496
925 18045 328
682 888450 14
488 709798 1781
713 989247 1126
856 813502 1538
544 894572 1215
268 288462 1896
753 940646 694
606 5077 2237
986 977143 2280
607 773952 1439
691 940258 275
605 793206 1219
950 425340 100
390 184 1127
664 161009 2429
916 155034 2457
372 403615 777
66 661247 2318
54 872869 547
575 767997 1017
114 778508 2453
864 449341 1828
471 852829 1386
304 111078 1804
698 903896 2342
438 450834 2167
226 86363 1109
884 903452 103
640 925551 1256
321 476577 1518
528 181500 1498
619 398495 2498
674 278374 1494
577 80786 850
352 355265 2130
908 922710 515
444 946607 70
467 627140 2242
560 726874 1323
413 610255 1474
857 569529 702
68 961659 2011
871 144089 912
34 148153 1756
127 241742 1356
531 340695 187
179 722238 1783
990 149824 2174
662 830107 2467
695 660993 591
591 354159 739
142 264563 2192
579 222754 2295
887 330095 1762
568 349492 99
237 199152 1404
841 734 2015
663 821709 1174
668 434893 997
732 437699 2177
826 117262 2120
153 733298 731
338 512912 1293
904 56104 1661
973 308638 2445
795 634404 2260
31 544341 1206
569 95051 1593
893 101688 1965
729 399890 1470
67 710866 2364
589 923842 974
666 345479 1646
913 728909 775
848 361442 408
836 162193 1424
108 699788 597
837 508066 521
897 553411 1796
880 123364 1032
434 850163 264
672 981862 1438
418 267148 130
707 480614 2014
89 604426 240
541 447890 1216
921 5336 2131
14 355360 45
529 510407 518
340 27591 109
610 252636 567
475 924774 196
199 903837 2114
479 222814 1436
203 966250 1384
288 490842 1498
871 369280 1588
917 467055 1580
644 523148 1787
97 309454 949
690 506312 1005
567 921460 1537
85 928134 2087
488 406959 637
680 399200 654
460 820252 75
711 166135 812
123 567239 816
957 730410 720
368 689495 2164
101 533790 1692
555 505730 2418
459 857122 1778
319 905285 1487
486 739337 947
193 699601 1605
265 351520 2325
796 154306 19
757 534088 1875
803 776148 2451
872 403703 925
871 669986 2140
867 382922 503
139 727835 1546
885 642104 566
568 459798 1068
284 667400 912
303 810801 275
330 361235 517
981 44089 2147
777 48238 1216
84 753697 104
93 792990 1560
100 838166 147
748 608434 260
282 626427 2177
247 85367 1084
501 623247 606
920 395751 762
163 6845 1116
925 543099 893
232 14156 31
831 446472 715
794 957208 1308
104 746813 2065
378 328560 477
521 444311 1495
979 974976 164
187 50502 1264
543 822596 1351
23 630943 530
228 598727 486
445 49534 773
40 893556 843
899 136333 1067
292 329007 1915
323 709155 2331
759 471199 277
935 31804 173
994 224503 1243
412 60167 2264
415 394250 226
19 452093 659
646 846044 79
597 474307 1965
748 827967 1978
338 475396 2161
163 782867 1566
131 487723 1086
740 450336 697
894 515938 1185
929 744446 2119
527 890840 1675
136 701284 303
259 710491 2208
499 181419 1931
413 561974 1880
96 266227 1132
143 937217 1326
201 780511 142
862 537200 1671
658 257976 1371
386 933599 446
533 262049 1867
419 372589 1175
341 939948 1418
51 192415 1952
752 535710 100
268 447936 31
70 860308 636
518 305361 289
576 145026 755
508 165859 1750
626 649194 788
305 450333 8
330 700797 1565
596 571115 2243
527 8049 688
585 519663 1014
355 918661 904
286 655241 1150
767 198574 331
54 909023 290
570 906151 283
371 226398 1669
650 397556 1218
710 840298 1698
960 285132 2140
791 790918 1708
67 419970 1752
875 956457 2311
935 901627 183
344 952288 1026
117 962584 1348
251 99255 2086
481 134035 872
61 496725 499
350 847182 609
436 112865 937
433 2577 1699
703 753472 1536
104 189240 895
539 488874 230
152 577066 65
879 926523 622
324 929006 1260
976 280837 1717
723 525565 1879
219 601000 606
1 349668 541
580 906871 2181
441 122001 2404
98 392861 734
226 643083 2184
180 828450 2224
650 433575 40
398 906908 622
916 924728 1764
502 280304 212
647 830970 2107
983 185114 1063
23 700782 183
148 467625 572
477 308235 2367
98 109016 1160
537 985736 2488
380 24964 1265
685 668909 1919
157 976113 2347
943 292705 2116
607 814931 509
981 909464 1261
511 32313 646
552 947076 1944
322 128139 155
135 413027 932
45 858038 777
470 950899 202
821 515768 920
768 482512 1141
12 497659 686
663 458774 1426
418 604416 1027
148 567876 483
573 172362 679
294 871847 1042
224 533474 409
346 180393 1471
937 710444 2160
698 640015 2459
152 696882 379
426 672956 2368
654 710891 265
181 546390 1561
507 606099 654
913 544228 2112
367 804365 991
192 660168 733
709 591741 923
499 728630 2230
415 977960 1761
615 976515 1235
349 690577 1587
175 579475 2067
408 957053 1058
29 748613 2103
349 529382 1620
561 844756 2427
53 973660 395
321 277633 819
481 774474 271
618 916309 1347
603 846532 455
700 834779 2299
521 961126 2205
628 304970 2382
876 248972 397
772 199864 144
173 15064 7
324 10152 1888
462 218648 350
63 764727 196
143 119841 1151
957 877868 779
277 914264 1609
313 490362 335
942 229629 2085
43 557552 2110
682 777621 1826
206 284243 1286
660 90060 1452
478 615313 394
362 276978 1562
410 154902 300
81 752419 2235
899 110372 1764
141 917361 1797
26 796991 160
364 971888 837
626 33157 1938
309 357404 92
25 433882 1979
929 561320 2118
539 29722 589
220 94166 2389
505 103184 102
219 698639 1241
454 126614 1032
680 762998 534
357 996312 2363
434 649731 1565
214 881548 2015
988 661116 2436
615 604836 272
314 461074 364
494 290825 1111
329 506415 385
734 13382 802
621 454149 1174
815 504089 341
88 933862 1071
556 625634 1252
295 406040 503
239 876280 1151
567 990706 30
61 588008 1711
834 971871 790
438 14791 306
732 755300 1706
82 661634 1012
869 414568 634
634 235770 469
4 612059 1876
663 139854 2107
474 247371 2424
880 111840 2240
121 16025 2178
882 229681 2129
92 340154 425
518 225059 319
151 706625 1633
82 299540 1739
282 627549 106
98 609997 2217
644 764237 1162
532 816359 607
321 141301 343
521 408628 348
567 151772 980
818 427052 903
263 682573 1979
599 123695 990
273 371850 1132
57 800984 1334
46 493597 163
766 583027 2208
790 986825 1348
782 356591 2433
782 327224 1131
272 173718 1254
52 316298 2305
12 159589 1861
771 321445 1571
663 147960 407
743 945287 1698
312 599400 868
965 705665 742
271 63686 656
643 474232 2261
123 247441 366
27 287719 2059
721 911992 1454
287 347967 419
62 852523 1720
994 87204 417
552 457540 984
201 570465 1903
734 81547 2315
945 954807 1841
437 401342 125
243 979989 1154
226 427263 1215
525 126416 1466
367 202121 1033
815 55408 2360
409 12573 2077
21 312977 1508
800 566443 985
362 385733 1647
110 676156 381
620 641435 507
544 165843 435
567 3682 1915
268 900781 1847
847 638870 1373
593 349344 2063
127 841303 346
671 741006 1177
94 240545 1121
588 124127 159
375 562611 1732
309 789157 329
79 289700 1191
125 989246 1428
10 994833 1095
207 903432 494
861 165402 1319
858 176556 1867
48 477580 1801
574 920234 1901
260 195587 1565
334 97176 72
574 620147 951
610 502624 1768
720 139098 1636
634 319870 2274
493 924523 929
414 256814 2274
279 99871 374
944 108045 1205
457 739405 183
923 895819 2457
852 141226 2074
636 275870 1588
216 233316 2173
97 424947 1599
962 942156 1223
470 397861 1185
409 475065 1504
430 598113 1877
65 893812 1421
595 301160 2435
597 346796 1352
790 121842 2246
493 797700 1356
691 517333 59
504 881045 1208
883 6137 262
716 288249 2494
328 564907 269
816 662129 1025
939 148903 1481
593 656122 1004
333 929032 2156
243 946913 1451
795 991888 253
985 982008 300
82 335874 554
193 610228 61
248 431028 1696
337 429483 301
474 385101 473
830 467834 2215
539 394031 2074
492 518546 853
303 178135 2140
126 834068 1973
809 545941 522
295 173101 2089
164 93566 1360
457 55122 876
315 168755 639
444 454328 2047
304 845627 1143
119 470150 1244
870 331701 2463
295 143066 176
980 819835 2088
82 160353 96
362 270305 21
671 111856 2212
856 220221 486
123 22171 1870
91 376699 632
911 180550 1355
541 120980 783
559 739393 1684
273 916668 2079
282 377561 1939
826 561259 1681
352 359404 880
697 397541 708
125 281315 1075
995 611780 1943
966 409890 2204
599 550843 215
135 675523 1834
874 320818 1053
875 900607 325
687 629831 912
937 596713 410
979 543830 1599
580 147909 2133
208 901072 231
906 517170 1046
158 695418 1209
269 328994 255
370 673787 823
755 624973 2248
268 740354 2328
59 464477 1710
190 810173 1660
870 494331 1630
208 714932 1503
657 873045 2147
617 292066 2213
429 122038 1944
393 5343 503
891 689453 845
81 90450 1395
39 954856 872
785 85145 408
614 444984 1311
585 30945 1090
116 475593 1783
8 950495 1107
465 463077 1303
361 495489 1448
991 285760 41
685 717542 10
628 108060 1677
100 261846 465
678 634355 497
477 406063 388
450 629627 1053
91 625057 2029
217 36166 1576
672 2054 893
302 408993 2240
171 362179 1020
947 939584 1886
117 928878 75
402 362384 498
213 790121 749
543 642384 512
890 373927 869
785 851342 721
525 414082 463
144 410065 824
374 948899 2285
296 619620 1551
832 355495 1052
192 967133 169
455 45632 805
814 817117 2171
784 660746 28
835 219052 2093
990 382664 1701
972 250028 2224
625 969658 1550
655 344798 768
292 833430 2378
368 584260 2269
318 382487 2448
624 329851 1189
679 908960 336
440 581202 485
914 942720 2056
298 690356 1465
720 195085 155
952 310351 1761
636 720223 1904
243 910890 281
247 114573 511
679 638978 2165
710 462497 2188
271 31239 1906
818 507237 722
9 992795 1901
627 195792 970
535 105126 78
650 225646 111
230 613631 425
708 6797 1359
733 160646 1729
233 880147 938
908 852933 1846
349 662823 1636
967 734239 2127
172 352604 1603
495 755087 1386
610 458761 1358
169 619762 723
52 449529 124
662 408356 1743
749 287061 776
675 251724 2315
844 513547 1548
213 457750 1620
533 686837 379
430 361348 381
468 525575 2442
234 635988 1604
500 161185 1871
453 721616 1157
906 909785 1891
913 100398 2275
162 359760 1499
872 727238 1262
379 340733 1201
723 762712 2412
935 258680 1174
122 95981 463
340 330890 1204
779 280691 1549
931 967747 2187
374 449535 738
292 523967 830
194 120201 597
738 89005 444
975 2036 1309
15 767737 2399
315 558461 888
619 962505 1503
982 868122 2350
504 14921 451
306 862833 1357
686 497955 107
299 961851 1612
159 286109 2420
790 744942 1254
9 708358 1565
577 805257 800
137 367917 865
956 348509 550
26 278045 1218
864 45092 2047
714 259266 1889
174 850372 507
91 543951 2189
250 280646 2413
487 256850 907
974 485102 1354
110 358430 2316
240 806979 348
916 569431 187
599 638760 313
595 433306 1683
169 706854 577
820 357382 1124
862 20921 1200
566 786730 2079
552 593110 263
474 162203 1321
106 380075 1972
119 792412 106
864 95463 953
450 591085 1084
500 490496 2482
170 237808 954
233 153999 2445
277 642758 408
370 79434 980
515 123868 1064
101 817911 2317
784 936763 1108
860 958744 1143
848 790035 1476
123 313366 2353
838 511764 21
100 761877 2063
817 702480 1217
50 281707 727
680 276401 67
805 141561 2036
704 298677 706
116 99464 41
393 3065 833
27 306940 835
831 248812 662
295 842597 942
298 409741 513
670 527662 153
616 236169 1847
771 765308 2038
615 427927 540
832 295510 2033
698 853915 2345
896 52322 465
969 684747 2283
347 362654 677
213 999546 1652
324 687211 2196
773 726136 2438
420 519270 2236
72 141982 1178
374 855295 204
718 293326 1386
719 18377 1896
581 49746 765
506 718412 1568
775 278108 698
217 124501 354
174 473607 2329
122 486132 87
429 323057 674
300 51792 654
187 606744 487
365 968023 741
509 31596 1278
217 717852 2133
939 556699 1609
279 636035 1146
992 476357 1332
972 47789 600
976 847127 2117
788 153242 1167
956 807065 1426
46 763102 1188
7 427342 33
885 700824 803
766 636673 2258
395 828261 2280
11 637706 2295
219 304861 1359
936 245612 658
180 272645 192
629 337146 1887
476 390409 505
366 64499 73
779 643257 1654
620 700396 527
718 574924 807
77 479982 1127
762 151431 2410
678 759533 590
919 581791 2121
717 386138 159
416 610042 475
320 471354 1928
595 463877 1393
824 925092 1869
572 647533 2320
444 885221 1278
642 436591 766
665 547469 2403
920 478286 1331
300 98818 38
521 68891 1303
405 500270 380
432 883590 641
837 630094 1999
808 727948 2240
289 135467 2249
538 671209 991
985 542923 1017
755 71651 1728
488 588273 1566
97 227049 2152
298 874722 213
917 327637 1068
812 442133 1171
987 201445 1105
743 104956 2497
20 414655 1288
887 958521 2487
800 352118 1239
294 704390 1623
318 582588 997
774 276009 730
580 965605 1356
920 404437 82
830 886983 280
81 874022 2021
517 847522 2257
456 859937 868
48 348333 2078
518 798849 878
348 430780 861
305 968215 2105
35 921104 1069
380 388661 1526
570 470179 2123
569 741188 1760
151 257557 1726
226 486236 812
417 303191 1367
531 897498 836
980 912744 1729
675 758019 1953
414 915505 760
433 694438 67
465 250834 1072
457 688473 1077
278 575637 816
14 573483 2377
324 516409 1152
579 446728 990
619 284871 2108
854 427032 1309
894 314726 2324
623 468168 272
596 877095 615
418 904004 100
493 665634 473
4 455417 1578
876 490885 1094
133 811026 1940
419 258513 1926
123 753772 2009
438 62301 538
694 510776 885
391 713208 2402
796 339187 717
907 915914 159
553 445384 131
52 476897 2174
778 518645 185
588 873208 996
553 643478 470
14 444890 853
366 88381 1534
398 829907 2019
772 639802 210
863 327990 1219
888 997478 2348
581 342003 8
434 56628 1793
780 730775 1999
622 302031 1482
341 144716 1330
567 677452 2409
586 794428 107
108 810833 1782
929 579403 201
277 518235 1362
441 250893 2382
