2547
108
3700
3954
3911
406
4463
225
1910
453
3352
2616
4257
2300
1407
4913
1453
2234
1894
1636
4629
3914
3828
1032
1856
3636
2759
2877
4266
3437
1125
3726
3074
2755
3606
4544
27815
500
3753
4519
4376
1596
298
1705
330
2820
3281
3601
1744
1938
400
2193
1169
4300
1268
3999
1947
1716
3042
2261
4600
903
2872
803
470
4977
1099
836
3911
473
3069
1590
2789
2980
2397
3442
3167
4425
4397
1265
375
980
2539
3751
3961
3616
2602
383
2842
3262
1765
1427
3499
2347
10709
508
1786
4184
1117
4881
4386
1189
3863
3084
3830
2643
3508
1811
8734
11414
715
1575
341
308
2601
4016
2105
1516
3661
6856
4586
2551
4455
4229
4354
2186
3832
3557
1259
3431
3475
3110
1507
10142
14172
252
2743
2304
3186
2975
151
4544
2598
1327
8006
14061
949
1182
3909
578
799
4642
4971
3055
3535
1250
3957
1933
2384
3193
2195
2292
1574
1494
980
1657
1579
2978
2717
2279
1842
1587
1047
3499
4097
3285
4314
2928
1117
520
3526
929
1721
1183
1757
2295
2746
4850
5838
6436
3964
3461
4278
208
4430
2613
1776
835
3111
1420
2828
3773
4933
2302
1974
3170
4673
4415
259
1537
679
2694
4141
4614
3040
756
46321
3996
3997
2661
3580
3689
2759
13343
501
947
3423
2371
1308
2323
1164
3932
3098
931
4383
1662
12311
4361
931
3683
2604
2855
854
1348
760
290
2372
2253
2536
4397
4417
376
4823
2592
711
3611
4936
230
4839
4128
1996
746
2813
4477
11389
2356
1809
3078
2347
545
2839
3491
4616
10715
5650
741
2551
3025
1306
2515
585
12013
4341
1692
4928
338
1221
4145
3535
4614
4090
4636
1530
2976
2227
2268
2712
1221
1858
1637
420
3365
4665
4286
2287
4722
470
3734
2449
1198
3287
1523
648
2866
1648
4437
4037
2142
4438
483
2650
3629
4804
1157
1768
198
3605
3927
3390
3951
3664
4200
1856
1265
3437
2239
2829
4535
4604
675
602
577
963
1570
1349
2443
1682
3617
321
2659
4167
4144
3326
4656
2683
4401
1321
403
4889
2512
1215
2302
193
2440
4760
3874
4439
1531
341
2546
2328
3502
1479
1511
740
3977
1741
3646
1497
4384
2604
1155
1375
503
4690
1108
14471
3309
877
1188
878
3923
4481
4995
1167
4157
2716
4959
3362
4906
1760
1547
1026
1139
2495
2813
4278
3961
2823
4944
4828
4223
3214
1256
4656
1766
848
1632
1486
4984
251
4209
312
1432
4663
4309
2427
1189
2302
4820
4340
1295
2752
2681
2339
642
1757
1698
3532
3314
1928
468
4101
4191
2416
2452
3435
81736
2863
2446
6133
4830
3463
1633
1839
816
3299
721
3338
4541
5150
1249
3333
7177
2909
208
4642
3353
2297
2431
2700
3441
544
3596
739
907
3930
3722
2250
2751
2423
287
3841
4688
2589
1437
3917
12632
124
5995
746
1137
1010
1015
3519
4944
4545
5726
2978
3347
6200
947
3225
2389
1662
4604
2103
6947
4125
3750
404
104
2206
2557
4582
13799
4873
4980
3416
1789
876
1415
4868
3753
586131
4676
331
1136
3762
3954
2179
950
1290
4037
3223
2888
3248
7563
3961
5696
1049
3583
4120
2353
1842
674
1715
4527
2007
1034
1563
14730
2844
1057
2943
2170
183
3728
1593
2455
1098
3832
1673
1490
2230
779
4900
4457
2061
4009
1189
4051
2255
1400
1339
1943
2890
1872
2053
1627
1672
1403
927
4208
3410
4143
2815
4885
1659
1048
3586
1482
4088
1964
4565
3027
3961
4425
1270
1715
4115
925
2648
2811
3530
967
3693
4267
3523
3334
1480
1701
4647
4774
1234
2245
1353
3874
392
392
3262
3124
3139
4663
3094
4752
1972
1161
2581
433
4108
28
646
2079
3662
4002
4134
2737
4386
4755
2156
4935
4542
856
4724
575
1979
1673
3249
927
2233
85
3984
367
3254
1293
2769
2541
1132
974
2508
4558
2460
686
4190
3021
2192
4161
1988
2545
2421
1024
1225
667
3982
2938
4687
384
3037
3732
2844
1026
4433
3063
4341
1854
3087
2905
2647
2804
2865
479
4331
1508
1546
2589
3095
484
2024
1924
4171
3092
4829
4926
2473
12760
1188
3525
1545
1761
3198
210
3346
3636
9317
1320
2540
349
1609
1010
1408
563
794
2480
3445
4268
2749
2185
3281
4660
3913
2761
84511
1859
4676
2313
2609
4506
26202
3189
3622
4970
1994
2292
2827
1676
4983
3605
3345
4215
3754
2874
4744
1906
248
4831
3294
2792
3083
4733
3982
872
4025
2205
642
1329
286
4289
2593
2015
4159
1834
603
3121
5220
3560
3926
1191
3595
4553
4175
1919
675
649
3728
1564
4715
4137
2438
4406
1951
4284
2402
3342
4057
1644
3510
1008
3423
4190
4002
4470
911
686
2742
4928
1474
3592
3840
4249
2719
4648
3912
33319
929
2492
3239
3289
3636
4944
3158
2700
2378
2631
840
4279
3018
3127
3254
3605
4908
1724
2679
4437
1088
3330
453
1429
556
2063
1195
3150
1056
3631
3189
3354
2035
368
2215
1661
2440
1904
36718
4438
4331
217
2204
2834
8306
1286
2949
3918
4711
2441
1078
3930
1836
3723
818
2085
1263
1105
4014
454
4383
1649
4259
4129
4229
1260
4766
3024
1418
417
3503
495
4779
4518
4176
3447
2834
1375
2312
1788
3058
3575
4112
10119
2202
2584
1353
2528
4594
3736
3454
4712
2558
1808
4709
4139
2459
1772
1904
4889
940
2435
9063
4098
4528
15993
2288
4899
574
3240
2554
1855
465
1382
1469
1169
3520
1428
1781
4816
679
2475
4481
1465
708
3834
738
4936
1439
3755
744
1826
1332
4445
4342
3220
4892
4997
4570
4494
919
3028
2158
363
4780
2585
1503
2198
3871
467
4911
3939
4288
4405
4168
3052
3649
3717
1878
3686
1311
3846
4121
4645
2024
1620
4274
476
4084
3976
4639
2789
4245
2346
3337
802
2136
3905
3403
315
731
3143
13089
2851
4633
3627
1474
18442
2817
5911
3054
815
2013
2277
3669
4084
3237
3030
1361
3762
3062
3946
2084
2928
3909
1606
1286
3265
3919
412
505
359
912
4331
3292
2224
279
2371
3943
925
5542
2652
3716
1946
4453
2490
2984
1654
4040
1197
2075
4865
3441
5660
3023
885
2534
4855
1593
4328
3885
3198
2523
3981
1687
4453
4123
844
3946
2405
1917
4587
452
902
985
4085
1935
3384
4415
1456
4436
3576
4106
4441
4840
462
3665
1051
7449
3391
4081
4464
3178
3874
4336
3507
3061
4013
322
2401
572
620
4767
3634
2196
4439
4936
1137
1346
3674
2228
698
3468
355
3582
3340
504
1402
4374
663
10897
908
4682
11968
1173
4077
114
1739
962
1130
5733
2869
4893
1531
1483
2804
1727
3109
9069
2141
520
4644
610
4188
3070
1996
1500
3625
3502
1047
422
4669
4163
3535
4072
1662
3243
2105
6813
4859
11757
951
1071
4713
5000
1686
779
306
4504
623
1327
3944
1031
3652
3920
4120
4642
867
658
4312
4586
1590
4827
4084
3644
3068
2884
953
1045
1543
3845
1186
3611
4282
269
3322
492
834
939
3150
2508
4118
3639
3738
4429
4886
1982
1312
1187
458
2971
4295
4300
3825
324
4691
1028
4643
3910
3804
4448
5080
2427
2788
4087
6410
4699
4108
571
3485
3198
2363
3846
1850
4705
1154
1092
2429
416
1965
1710
3749
1803
3818
1798
3568
3472
1869
4513
1411
2887
2134
4298
2958
3315
1317
4204
836
1373
2191
1210
2366
2890
4347
465
50
1345
3787
2126
2872
4934
4436
819
3805
2799
4499
3473
5623
7728
3491
4981
4235
729
618
442
123674
2692
509
2923
3112
1834
4160
4993
2916
4521
1424
3059
2782
4005
4159
3917
2209
2764
4178
1715
3147
4111
3467
4794
4292
3898
490772
2875
2069
3160
4518
3740
3492
1897
4535
3621
4896
2709
1478
33202
1194
4360
4849
1773
1775
1214
916
67609
4715
2590
4117
1541
3172
3099
4827
2426
15092
4092
3852
1118
1213
1799
520
4824
3770
14657
4860
4201
3077
4542
4987
2586
2309
1529
916
1895
312
3671
4698
157543
540
1595
145
4873
4600
4803
909
3992
621
3927
4666
2626
3331
4107
3003
1128
2774
897
123
1835
1494
4804
2656
3298
2309
1330
4999
539
2212
3621
4779
104388
1135
2349
2000
1126
2571
1467
4498
1424
3458
3181
4291
2601
1973
1813
3174
3573
4967
3641
2512
2330
5419
4234
619
244
4304
1328
4613
1957
4109
1154
2949
62188
2395
1215
4027
4072
2293
4919
5860
7895
1809
5196
2435
711
2856
194
1228
3473
1295
1243
912
1605
2813
2813
4983
1707
1226
2735
3114
2929
3458
4001
4906
3592
1471
1911
1839
3853
1026
1469
1510
1988
1467
2735
2535
277
1327
1517
1517
652
2730
3853
10736
1117
2122
4587
3239
1751
2196
670
4567
4290
3852
2249
9758
1906
1668
3728
3722
3498
2510
3805
882
457
1359
4523
3992
1234
4164
4152
1450
2350
1648
814
2672
601
1576
2906
3672
780
1956
3887
2377
602
1979
2015
1316
2587
4905
920
1403
289
4755
3108
3149
1689
2588
2211
6114
4891
4790
744
1507
701
2355
4722
2157
1261
2018
1216
4783
3095
1469
2265
843
3919
2048
1875
4048
4807
245
1535
76372
1742
3356
4552
1866
1044
815
3442
1079
3078
2695
3757
2675
3216
7444
2396
1146
4951
1461
296
1165
1208
4388
2342
1793
4961
1533
4280
1005
2667
2717
1310
3315
24174
17668
2452
2758
4687
3778
2039
4137
4940
3457
539
3561
357
2071
1282
430
1938
2638
4973
3285
4379
1186
1041
2457
3802
11687
3992
4184
3219
2100
2244
4282
2501
2030
3606
2828
3422
2237
2244
2776
3029
4332
2686
3655
3696
3280
1001
2082
1971
4129
3974
2444
835
3285
4118
4835
3430
3204
2282
4105
2623
3663
1009
4267
3470
2201
2965
563
3807
1444
1876
3143
2124
1407
3599
1433
1095
762
3401
1369
325
851
85729
2379
3123
500
374
1878
2735
4092
2331
4558
2729
1772
1828
9984
3589
3357
1536
2683
4171
3482
1743
4070
3039
3568
3716
2783
4156
310
704
314
285
4915
2582
4777
939
2298
973
2892
501
1327
10614
812
2542
2739
4753
208
1164
3721
1366
2958
4337
1400
4520
2264
4027
2584
1605
556
565
496
4682
787
4069
4991
2565
1363
757
3934
4722
2551
4798
4927
3551
880
562
4038
2916
3926
851
328
2560
3055
3399
4586
1206
3126
538
4521
668
862
4572
4503
1317
3777
2096
3247
994
4911
4646
1892
4371
4010
3503
4017
2778
2258
143
1815
3900
1047
1941
4809
20587
1159
3001
2090
3603
53453
725
2410
6461
3676
552
4564
1019
2836
4517
4789
2029
961
1577
3796
1174
192
3373
566
4302
2209
480
493
936
4324
3572
4458
1209
3213
3881
1097
4939
1883
914
2420
4844
4313
2224
2216
379
6403
4780
1477
628
1477
1606
4488
4560
289
4850
2515
1959
4469
643
2283
2744
7113
4614
4000
4865
1449
4386
1482
4320
4291
4928
3308
1131
2711
1595
3732
3255
4903
4842
516
4242
2109
936
887
1883
476
3745
2992
102
4831
838
2646
2506
4118
828
1682
1162
41205
523
4792
1595
1325
1663
1457
2912
1272
2811
1389
1154
1653
3171
2777
4664
1358
2160
4700
4075
5280
1802
441
4305
423
2312
1388
4990
3770
211
3824
1392
1070
2178
1701
3140
4515
1795
4871
2524
650
3623
3077
4547
1926
1058
1074
2149
2134
3099
950
1441
647
3104
3988
4908
7343
3748
51190
2087
4276
1470
2780
1606
11083
3268
2154
1948
2602
4343
2879
3092
379
2485
1760
2234
1012
4467
669
2220
3202
1944
6692
3855
1321
2428
2889
1921
3526
3300
3601
2121
3119
3241
1394
5318
73
2635
2574
4938
3039
1099
631
688
4646
4319
3158
1710
201
1724
542
4109
4817
4579
4874
2581
4786
1498
4673
336
713
2892
4754
1318
3104
1664
4983
4130
4420
1047
3908
1051
2795
2848
723
7058
3647
4497
616
2914
1688
4860
4795
3037
1571
1453
2523
707
3264
2464
2943
4582
37190
3704
1899
3444
1970
2665
1764
526
4068
4138
392
3756
1063
2262
1195
2360
4377
1615
1891
3257
2302
2200
2100
4644
3606
1580
3294
1544
534
1537
4689
3047
1869
563
1585
3350
1528
2120
2754
2801
2448
3532
3867
3876
4721
2924
1973
3362
4341
2414
811
2097
1522
748
1192
2107
765
3713
3315
1426
2676
2682
3098
3107
2897
2921
1838
374
10081
1922
771
2292
4322
3542
768
722
2822
4671
1531
2343
4061
2919
2241
2588
1046
1399
4082
2229
2016
358
4405
649
2791
397
11017
3707
1907
3024
3182
4630
5322
4357
3854
508
2649
3186
685
2775
4333
338
4247
4317
4158
3084
3613
3402
316
3076
1068
3316
4562
4775
5129
546
2182
4717
4903
4880
2861
1903
2633
3108
1006
344
5241
2126
1541
1045
320
1835
4001
492
2277
4464
10847
822
328
4277
4826
17093
2229
280
3143
1252
1746
954
3659
1663
4162
511
3031
3824
6408
4268
3524
791
3371
13820
2532
4149
3827
1183
1439
831
4324
867
1198
481
2838
1493
2152
3770
3665
2094
3191
1958
510
1570
1707
3453
1418
3571
912
2350
47975
4797
2089
3739
2342
3052
2517
1982
3405
2801
4808
3195
4911
2946
991
920
4341
1594
3903
396
3399
2291
768
3021
1712
3735
439
4461
2365
1818
2990
124685
3712
3854
3940
2359
4233
433
5166
3562
1888
197349
1807
4678
2764
4064
2725
2577
2475
2311
2272
2090
4984
2366
1191
3835
4231
1052
4330
2854
4124
3560
4612
646
2016
1685
1004
1530
1783
4174
3608
3625
3245
3119
3378
736
1887
3750
396
4643
270
1868
4747
3855
4034
3687
4091
3848
1287
4190
3929
2744
2000
2295
4170
1577
4532
3778
2637
2630
4728
1354
4847
4457
2702
4569
2804
3632
1087
3111
3063
5121
1488
3859
3795
3433
2666
1294
2099
4143
1530
4200
3996
1562
1176
2008
4479
4124
4257
510
4298
7071
2041
2673
4686
3613
3699
2529
4405
571
2182
4510
3581
2012
513
1571
1711
2475
4667
4320
4153
311
1417
4978
4994
30978
1498
1028
2596
1222
1069
2237
2313
3040
3112
2630
3718
3283
1117
2879
2511
3711
4578
1914
1645
3625
4514
3263
3909
288
2024
3634
3191
4754
4271
3450
4944
4128
4643
4904
570
521
2086
914
1807
2428
1534
744
3452
254
3836
4822
1390
2382
355
2415
4725
2811
4725
1570
3908
684
16631
463
1898
1068
590
4681
3676
2067
2101
2793
1695
3104
4222
2700
4164
3581
3583
4278
3224
3485
3150
3520
360
1047
3672
4171
3244
1291
4284
758
2912
7665
1817
1790
4570
2105
222
3349
4304
967
4463
2082
2563
4167
4059
4998
3769
1126
2016
417
2832
1321
3651
1086
1869
921
501
4227
2313
1090
2457
3841
1799
699
3240
1527
2333
3612
2082
4432
764
7808
4268
3324
2465
1022
3529
2128
3154
3764
4810
2737
590
3173
4353
2302
1288
1850
2531
704
1254
1671
4039
4473
479
4624
12865
1667
3368
761
610
709
71
3744
4439
852
4586
2372
2402
949
11853
3593
1838
4814
4013
1191
2632
3367
1454
3975
3789
31
925
4180
1301
552
2946
1952
2676
836
4091
860
2566
1828
3663
635
3338
3611
1620
2165
1260
2633
4731
4389
201
4450
4129
657
1102
1369
2780
4206
989
14933
3189
2484
1705
243
3021
1854
256
2742
4858
3794
1748
1987
2114
1231
2309
3964
981
3198
2365
1008
2015
1941
3436
4853
3116
4819
3127
17669
3303
3826
3484
1196
1800
4152
3823
4244
1428
1322
2622
4522
1648
1332
619
4622
3214
4724
29156
1299
1230
3460
299
1996
1644
4042
1774
733
1833
4644
4798
3305
1251
2749
673
1070
2491
441
4327
3738
504
1012
2845
2780
3637
3552
1429
3030
1168
4807
1810
3692
3238
255
1415
1339
276
3792
4233
2671
865
1456
847
3529
1173
1025
957
249
713
4789
2742
2219
2019
1966
4726
1809
3353
16192
3099
2049
4878
3465
4672
4650
2377
129237
2946
1126
4863
912
1905
2003
2698
743
1174
3379
1093
726
1860
3859
3903
3713
1515
6536
3453
601
1445
2237
3474
4751
4591
3368
1035
422
1918
758
2436
3846
1119
2511
822
376
4022
1831
20315
2279
2385
4809
4559
4977
680
523
1103
794
4227
4189
1511
3189
8348
1114
2918
1863
490
4180
2279
4722
1844
4262
2622
801
3530
2070
695
4680
2087
1249
1290
558
497
327
2099
1526
3390
3459
3960
4710
1142
938
14127
4301
2830
4776
1529
3524
739
2871
1096
543
2695
3399
1640
3352
3826
3334
4077
1885
2615
1363
657
337
13476
3565
6090
1819
2067
1624
4018
1218
4236
4954
2567
885
1323
449
1524
937
4610
4888
4940
2870
3128
1221
28652
4991
106
1980
4302
285
6550
3494
2085
899
4453
4625
2569
2763
361
2272
3892
4451
2638
4325
1869
3386
445
124
1862
649
5357
7923
3910
1739
2745
3022
3909
1621
654
864
3596
47352
3456
3105
4769
4381
4328
3614
2468
487
486
2315
1484
2228
1816
947
4346
2519
4998
1585
5852
2671
762
7044
368
1068
1011
647
1255
4973
1503
903
8151
4028
2530
2085
2442
1064
1577
2658
3282
9892
4598
4375
3015
2878
4582
4207
3694
4749
4040
4826
129
1509
1469
4768
525
4202
2982
571
19865
3565
4851
2579
298
3695
4825
3833
1068
4577
1747
1526
1858
3615
2127
2293
4006
4158
4574
1981
4892
875
438
2503
1177
1606
2290
3222
592
4163
2037
4571
3951
3427
1151
3698
4635
2381
1616
7786
710
4470
473
1812
2595
3030
2616
2353
4665
642
1768
1844
3920
4154
361
686
4864
4411
3244
3976
2766
1770
3342
3001
4766
4373
3104
864
336
2836
2395
542
4129
3131
3593
1620
4807
2139
1150
4026
4248
2640
3370
4771
1323
4063
1213
2683
1756
1962
1434
1232
4848
1210
612
2528
2598
4174
510
1025
999
3378
2664
963
2858
3684
295
3221
1160
2044
3468
2005
1079
4319
6115
4516
4474
4826
1321
2772
3463
2552
1119
4387
3536
866
34994
1009
942
2714
1487
536
3535
344
1272
1311
4099
4226
4139
339
3151
3384
622
734
2184
4931
453
1054
2776
4017
3742
3197
2996
3618
2646
4576
3249
3365
1218
2094
3706
2230
3586
3339
641
335
3383
4619
3778
2921
2876
1259
428
6398
3219
4771
1227
72
2422
1677
1958
4758
1577
1162
2112
1321
605
2336
1562
3361
2572
3298
8487
8115
3254
977
6158
888
4240
3165
2015
3536
16539
4331
634
4707
7323
1318
714
2783
4583
2328
10886
4576
4208
2177
3789
3755
2343
1907
1778
3468
4023
3691
1419
2591
3423
3262
3169
1737
57172
3360
3322
8465
4913
3339
1261
3317
3424
633
1855
563
1848
3746
4293
1903
2328
4313
3279
613
2099
2793
1328
1256
102
3903
3950
2507
171
4204
9253
3428
2230
4857
2404
1483
1393
4498
962
1337
4656
1227
2971
2215
745
4205
2789
911
1703
1760
2016
578
1309
4621
3293
3556
3011
3050
2787
1659
2288
1072
4074
4904
2853
4662
884
3999
4628
1865
1815
1472
1216
3928
3989
2412
4772
920
375
2553
3418
3701
4379
3185
3304
2220
4860
875
3359
2359
4870
3754
2741
1905
3202
4281
3810
1525
2133
3610
2320
849
4189
3983
4119
2238
2331
2726
1582
1364
1000
1917
1471
4373
1773
1558
6717
1845
592
378
8803
4671
4001
1603
4328
3158
4366
660
4589
1336
1916
9002
3640
4484
1237
3892
1768
2303
2676
4840
3129
982
3541
3788
1112
4379
1555
2448
3382
3356
12405
1854
1285
4736
775
3696
4911
4171
2526
219
318
2311
3824
2481
1466
2810
4968
4081
936
25616
2883
3437
1656
2885
2905
4069
925
4709
4752
1701
874
4225
4867
3329
1093
727689
305
1929
1083
416
224
4102
2585
1674
1881
2296
2222
8464
3916
200
4980
2391
1826
2693
2664
1465
2379
1353
1586
2785
5949
2686
2192
2979
4169
3619
2403
3656
1298
2237
3174
1671
2117
3533
593
1110
1787
4498
785
5741
981
2860
2797
16476
2188
2638
1321
844
4349
5141
357
1724
3161
1821
1281
2396
1423
1097
3602
3950
1812
1767
3676
2024
3548
11779
2651
1784
172
1350
4216
3224
4940
4429
1111
2987
1215
2930
2818
756
4634
1282
3600
4293
2482
4075
1838
962
3517
2387
2090
2967
4576
2909
3191
4748
1766
4338
1478
4262
2890
4633
363
1774
4449
2933
1527
2109
832
1479
2681
4339
3509
446
1537
2800
3236
1013
1057
2363
1718
4581
9866
2257
556
1881
3217
769
3504
1043
3371
3335
3410
2136
4431
834
4974
4850
1467
1550
3481
3328
407
248
4744
2500
3141
393
2463
2790
2832
270
2522
3534
1878
1550
1237
3287
1855
3446
6551
888
644
4646
944
1158
2951
5829
3056
1216
1406
4369
703
4778
1322
10858
4890
3615
9500
2046
1924
1825
1138
3336
4259
4615
3953
2794
6982
4763
349
784
216
1921
347
4175
2007
1972
1515
1930
4193
809
310
2900
901
1834
1650
4707
560
3507
1602
988
3656
2324
6344
3379
4891
1056
8087
4872
3405
4013
3988
527
681
2588
872
1244
2504
339
3913
2918
2887
2428
1101
991
1994
3312
3424
1887
2530
3354
1797
4129
3780
4083
709
3397
495
694
2489
158
4501
2517
4174
4846
3278
4107
4306
2458
1960
368
1813
2920
2776
4060
164
1760
329
3935
2839
4655
4422
342
3295
33570
4739
2398
4204
2247
2991
4464
1654
549
4839
4623
1690
732
2483
1632
758
3730
2184
2877
203
705
1747
1379
4228
3474
972
2342
4997
4021
2774
3711
2254
655
1958
458
2016
720
3146
3291
1522
3693
1640
979
4389
3914
1480
1484
3752
2275
3332
3162
1409
3276
2095
1363
243
2144
170
564
2643
3406
4254
3076
4389
2126
3138
3771
1772
1761
3659
4318
2424
4019
2662
4563
11987
1043
3348
4120
2487
4503
2425
129
2531
3138
2838
1466
8046
1555
4045
2043
83409
2928
1005
9231
688
1329
2462
1560
4277
755
4814
4250
1050
1015
1705
3378
1261
3094
936
3581
4229
3552
3455
7959
3693
3690
1880
2969
523
2894
4622
2269
2703
949
130
1648
1838
602
2083
1919
686
1163
3361
5028
1689
4852
3052
2863
4984
1243
6189
1283
3791
4613
1727
1355
2235
1670
4214
525
3692
3948
592
3407
309
1512
4135
3465
1305
1950
1266
3520
1679
2966
1662
3831
1131
3035
4809
2489
4501
4026
2738
532
867
3754
4011
2464
1807
904
18977
861
909
4537
1209
3898
1266
2255
2570
866
1351
187
1732
1815
1715
4238
223
408
4432
361632
4179
4457
3080
3530
561
1238
2065
1903
12225
3287
2689
1200
3578
4350
604
531
429
3763
3945
3676
1121
1215
2613
2271
3902
1306
848
483
3821
3833
1617
1866
4018
4956
2845
4073
712
3575
4112
3280
3492
2415
2014
2206
2820
1231
4703
4842
2771
1666
470
1579
1336
4091
4322
3041
3908
50205
14411
559
3957
2636
1280
1226
990
4115
1268
2307
2956
2473
4987
1494
1707
1071
1862
2359
881
1779
4685
4267
4608
1475
2152
1652
3581
4840
2795
848
2357
3182
612
2930
2795
4738
3151
12048
7497
1464
3498
1902
3255
3553
2768
2873
1050
2569
3801
3135
475
530
4189
3523
4382
3116
1663
3459
2605
3430
2819
1043
3083
4989
2807
362
3852
4083
4627
1482
3027
