3950
2547 853478 757
108 99063 1989
3700 14212 1085
3954 34389 1089
3911 796839 2074
289 113544 281
4463 768583 1035
67 309640 1382
1910 20057 1866
453 920115 2041
3352 714239 1913
2616 102548 255
4257 14706 2001
2300 159602 1163
1407 640508 702
4913 220054 1719
1453 743807 1493
1624 777719 349
1894 665451 2295
1636 73956 1733
4629 639363 1081
3914 704008 1807
3828 33796 2362
1032 312878 2141
1856 773716 594
3636 225819 863
2759 137971 2118
2877 607462 1703
4266 177441 1090
3437 749365 1746
1125 872330 1765
3726 281235 95
3074 524942 1960
2755 19712 2401
3606 562457 2286
1650 384558 85
2110 665446 24
483 447913 897
3753 904020 599
4519 445345 304
4376 182721 406
1596 438158 2223
298 96531 2273
1705 620780 1310
172 223506 679
2820 928969 1913
3281 842799 1613
3601 662189 663
1744 691218 1555
1938 844368 1860
400 401807 2188
2193 365668 386
1169 39128 2382
4300 945374 2122
1268 499445 1090
3999 958075 1678
1947 854351 698
1716 889261 2209
3042 57644 146
2261 260111 505
4600 349562 1834
903 630201 2441
2872 536412 2300
803 774208 1704
470 449933 1040
4977 430201 1311
1099 371780 727
44 333266 399
3911 379144 1580
473 55669 744
3069 996558 1860
1590 239264 863
2789 309886 545
2980 9684 1570
2397 383643 1620
3442 125287 1238
3167 32181 1148
4425 278520 829
4397 978012 1205
1265 807137 2285
11 326317 872
980 352668 2348
2539 979295 2414
3751 364357 835
3961 662971 2375
3616 582467 638
2602 364978 1605
383 290056 1533
2842 673761 1448
1375 937816 288
1765 487209 929
1427 588299 745
3499 568392 1853
212 980784 418
496 931138 87
382 905763 1786
1786 754244 1873
4184 704701 1860
1117 210089 1866
4881 211920 763
4386 732513 1916
1189 165959 1862
3863 917834 1108
3084 100239 1238
3830 326891 299
1735 148883 57
3508 611098 2214
1811 42256 1029
3146 992441 114
4314 977267 86
618 942878 1320
1575 661755 687
18 423456 1243
286 480333 1563
2601 473319 900
4016 123433 1900
2105 817540 864
1516 879167 2235
3661 621695 2154
4266 626448 92
211 861934 188
2551 838367 951
4455 621193 2357
4229 465580 2115
4354 870524 1028
2186 942774 501
3832 990632 585
3557 20876 1004
839 598007 476
3431 191010 291
3475 69512 87
3110 315312 1222
1507 507009 790
64 932982 92
867 821093 58
128 596184 2374
2743 182699 1565
2304 212240 639
3186 818091 1591
2975 439140 411
21 208650 1387
4544 948940 233
2598 563466 669
1327 191541 1401
2821 389427 49
401 702643 50
949 972149 2258
1182 632616 979
3909 268862 468
94 809610 1401
799 882544 1369
4642 68440 2236
4971 250802 2483
3055 670241 2042
3535 633645 998
328 529384 424
3957 107336 1588
1587 429304 223
2384 684491 1283
3193 10180 462
2195 361572 205
2292 795564 2484
1574 793742 2142
1494 811582 2197
980 300795 615
355 624130 377
1579 369562 1922
2978 373002 238
2717 258194 2018
2279 637152 2174
1380 852928 464
1587 88967 399
1047 193147 465
3499 771698 2238
4097 791003 2046
3285 306233 349
1409 619704 144
2928 259108 1755
1117 456178 933
520 49740 713
3526 723672 1043
929 197403 2431
1721 312880 243
1183 716660 1678
1757 728409 1771
2295 194108 1645
550 243783 89
4850 152261 554
3857 790085 136
2576 859789 134
3964 785323 2145
3461 10513 253
4278 537803 1305
208 233520 2087
3780 678359 154
2613 721121 2349
1776 770659 1253
835 195143 1590
3111 363725 1318
1420 755455 2250
2828 789608 1364
3773 424012 2479
4933 805755 1910
2302 294498 1795
1974 764740 937
3170 860952 733
4673 366762 317
4415 728374 1446
10 191647 740
1537 101882 1714
679 976370 1718
2694 620836 1817
4141 548307 2122
4614 349297 515
3040 891639 2420
756 37291 1829
1267 230337 5
3996 90459 906
3997 491509 203
2661 491272 2387
1986 950154 266
3689 874046 700
2723 540636 197
3099 463902 35
501 97014 1281
349 520111 550
3423 71225 352
2371 440205 191
460 914978 700
1646 267750 116
494 802160 690
3932 315023 1653
3098 173829 251
931 506153 2138
4383 390244 522
1662 658356 2056
1831 429038 35
4361 748652 1080
931 128917 2155
3683 436344 920
2604 40048 815
111 633498 222
572 357207 419
1348 660213 609
760 979143 2343
89 345553 1195
2372 475612 1373
2253 729229 2164
2536 776210 1559
4397 841821 697
4417 785018 1968
376 334579 1458
4823 364098 2298
2592 35188 218
711 73277 342
3611 996509 1447
4936 215537 1906
72 371368 1619
4839 767730 2472
4128 381388 748
1996 591960 793
362 609840 818
2813 766926 1050
4477 757085 197
3710 736552 65
2356 871828 1724
1809 659674 2052
3078 37709 1071
2347 767852 1887
534 675942 1243
2839 686391 406
3491 857192 1619
4616 153701 1787
3086 875482 82
4344 210325 38
626 231778 314
2471 576535 227
3025 555493 653
1306 859332 1474
2515 4857 1567
585 970540 2345
1271 971782 81
4341 950285 1936
1692 559731 1459
4928 21229 269
338 223190 2410
252 910311 746
4145 196355 718
2269 803626 228
4614 136093 1319
4090 560829 2401
4636 329421 407
1530 870798 976
2976 103912 2120
2227 394848 693
2268 542726 1618
2712 644070 2436
1221 226240 1718
1858 808251 2140
1637 159386 1510
406 917475 2187
3365 280617 616
4665 459559 1844
4286 766458 2261
2287 802264 1736
4722 28265 1738
470 52558 974
3734 871699 2154
2449 162678 442
1198 284250 454
3287 571509 322
1523 641803 1100
502 326972 506
2526 593408 208
1648 434108 860
4437 376331 478
4037 822209 1881
2142 628614 808
4438 53337 1819
483 513824 1249
2650 901178 1936
3629 972997 1868
4804 520588 820
1157 174612 1093
1768 729327 980
118 469732 2383
3605 97686 834
3927 966224 1036
3390 870927 1777
3951 714501 2211
3664 71458 2281
4200 336257 1887
1856 91980 130
1265 744539 698
3437 502482 1981
2239 267607 455
2829 48574 411
4535 993316 1079
4604 603353 633
675 39860 1753
503 738889 1230
97 925372 1604
963 908083 1397
1570 498463 2480
1349 575731 767
2443 445377 767
1682 862288 1338
3617 862587 1515
321 165402 1415
2659 941330 2282
4167 669842 1624
4144 610121 1452
3326 210146 2422
4656 714079 797
2683 452761 1840
4401 19035 1027
1321 327812 480
403 364580 1005
4889 215221 1047
2512 443907 1836
1188 593855 490
2302 448225 510
105 438302 2277
2440 603272 503
4432 976080 206
3874 315322 1256
4439 521293 1636
1531 575780 1183
341 523065 2430
2546 518494 216
2328 294528 755
3502 510529 1846
1479 476468 888
1511 554222 1785
740 892978 1730
3977 672396 1392
1741 815268 1573
3646 976943 1751
1497 195461 2049
4384 372952 1552
2604 553301 622
1155 733191 2094
1375 161527 1557
492 736738 1466
4690 847313 2054
1108 658431 1296
272 303605 21
3309 247054 2347
877 69998 2085
914 982638 828
878 933307 1509
3923 568598 2337
4481 36629 1760
4995 742743 2177
1167 939995 1074
4157 664136 236
2716 238880 1718
2903 770637 156
3362 611918 875
4906 225478 118
1760 297912 1846
1547 847251 1518
1026 981308 1208
1139 503068 1653
2495 649240 1693
2813 270026 1844
4278 876920 2376
3961 835940 216
2823 123821 1536
4944 846950 1781
4828 755454 2449
4223 788845 1483
3214 367982 275
1256 43882 103
4656 265606 273
1766 955938 1509
457 580673 686
1632 624301 422
1486 99659 695
4984 283005 1134
225 367737 1468
4209 840310 732
312 380031 2227
1432 207526 1859
4663 203762 1532
4309 436405 166
2427 791330 521
1189 795163 1547
2302 888962 1814
4820 46180 456
4340 988736 743
556 623369 482
2752 412289 2036
2681 675893 507
2339 492411 1585
642 460152 2235
1757 545001 937
1698 721711 477
3532 127814 1264
3314 829235 1173
1928 864622 635
41 982869 2104
4101 594452 199
4191 345477 1721
2416 845239 1384
2452 170029 1233
3435 414012 1423
1080 898009 11
2863 785047 1529
2446 61099 2482
475 680209 111
4830 290643 1606
3463 572631 1778
1633 365315 673
500 896816 488
816 954061 1364
3299 318124 2196
721 230559 839
3338 308574 1128
4541 287058 463
3258 455077 89
1249 471922 1779
3333 7427 784
1596 299816 42
2909 302662 2206
208 342367 2338
4642 720468 1797
3353 778948 1257
2297 153550 1572
2431 720761 1829
2700 395100 1121
3441 498842 1914
490 595486 1097
3596 997569 906
739 233052 2082
907 687014 1952
3930 469773 1441
3722 654317 2061
2250 242798 436
2751 202460 1990
2423 605575 515
60 217239 758
3841 122861 2027
4688 880506 899
2589 731330 1085
1437 687319 1405
3917 574196 1967
629 302535 24
98 253211 2045
3994 943156 158
608 830267 1115
1137 327670 2193
215 859210 851
1015 692577 1622
3519 165219 1535
4944 921358 1583
4545 855242 629
4109 98958 18
2978 650663 2189
3347 359096 1807
1721 475646 77
947 685080 1272
3225 557258 1898
2389 907465 1323
1662 308916 2459
4604 803409 1916
2103 857985 2180
2752 997601 144
4125 513725 1528
3750 772070 1087
170 188797 468
104 100619 1504
2206 157109 644
2557 5082 1634
4582 415026 1289
78 317284 23
4873 341603 2219
4980 364121 1554
3416 126705 56
1789 301 1753
876 498276 1541
1415 623567 1791
4868 875952 691
3753 675257 1215
4637 581494 1
4676 778225 1512
331 421702 1325
1136 27309 2414
3762 972707 2423
3954 626288 2460
2179 346303 2354
950 136796 1130
1290 107846 1150
4037 579540 2401
3223 22928 1919
2888 161287 98
3248 929177 2129
703 937088 124
3961 522377 865
4235 867229 153
1049 843243 2304
3583 429640 1657
4120 460111 2145
2353 386151 2484
1842 494614 307
222 629999 936
1715 676953 1504
4527 826097 2397
2007 673496 723
1034 121520 893
1563 894478 1838
3637 438239 30
2844 659100 981
1057 27925 1275
2943 990273 508
2170 97360 456
183 191865 1168
3728 794230 1402
1593 365669 1431
2455 321858 828
1098 463544 2474
3832 273747 763
1673 375728 615
1490 845091 583
2230 829475 836
779 114008 1332
4900 540123 814
4457 957268 729
2061 133123 1135
4009 460480 710
1124 970114 817
4051 752921 1349
2255 743524 823
1400 189584 2267
1339 925021 937
1943 356305 1008
2890 178524 1732
1872 859600 1113
2053 872748 2268
1627 291662 1417
1672 26240 2201
1403 503567 1868
927 80110 1927
4208 303975 1469
3410 167527 2128
4143 136327 627
2815 864413 522
4885 125737 238
1659 989307 861
1048 327685 697
3586 865973 2445
1482 176865 699
4088 335107 105
1964 316438 976
4565 658439 2271
2774 242381 81
3961 781715 344
4425 973026 471
1270 874901 1641
1715 362613 1899
2179 475152 116
925 383931 1766
2648 644620 2363
2811 447550 1899
3530 855034 501
967 514991 2053
3693 902289 2262
4267 592702 2031
466 936613 266
3334 774078 844
1480 421633 2331
1701 947190 1915
4647 116282 1042
4774 807107 1733
1234 489003 408
2245 339574 1581
1353 484766 2320
3874 280963 1286
381 804917 2056
392 70391 1629
3262 275017 404
3124 880811 542
3139 616399 868
4490 256598 56
3094 147378 293
4752 94289 1668
1972 18012 1865
1161 987083 1418
2581 379320 406
180 913250 2112
4108 976358 1112
28 45401 2441
130 872260 1351
2079 286269 1439
3662 159609 826
4002 319924 928
4134 141971 898
2737 374426 1997
4386 626345 1485
4755 703579 2312
408 743130 345
4935 584194 1873
4542 14225 2292
856 521863 1114
4724 890395 1678
538 494994 863
1979 329560 2172
908 979426 586
3249 694030 1417
927 263265 1784
2233 572197 1443
85 101559 1964
3984 826245 1584
155 582095 1590
3254 581975 1165
1293 791122 1522
2769 596428 1854
2541 64831 946
1132 775437 2324
974 105889 378
2508 315507 1409
4558 755394 1951
485 515988 210
686 291457 2135
4190 207693 2195
3021 644204 1191
2192 253541 2055
4161 233379 1111
1988 169951 143
1496 156251 62
2421 831616 1196
1024 648956 2024
1225 379622 2089
667 112929 1309
3982 189660 558
2938 67615 2097
4687 875138 2108
384 409572 1418
3037 418175 2427
3732 579134 2407
2844 550802 2419
1026 267035 2147
4433 98268 141
3063 312356 195
4341 391514 349
1854 701229 1162
3087 979379 1438
2905 757686 452
2647 338521 194
2804 472918 1804
2865 956014 887
55 935426 1957
4331 632420 1037
1508 439295 1074
1546 191614 1143
2589 314123 1419
3095 58610 1677
484 992848 2258
2024 877411 1175
513 896070 466
4171 390147 1911
3092 384679 1677
4829 715595 1805
4926 849068 177
2473 129644 2353
4075 825285 65
1188 976755 1999
3525 806642 2051
1545 251071 346
1761 40729 1527
3198 385112 1405
210 143530 965
3346 134542 2205
3636 303663 137
3818 266359 29
1320 307086 1894
2540 539976 1278
25 206392 593
772 832361 518
62 971753 963
1408 395584 412
563 536035 1705
794 176956 2062
2480 13991 1112
3445 790508 584
4268 736478 2285
2749 446583 1522
2185 346047 2025
3281 224933 2094
4660 121086 225
3913 289958 500
2761 822377 2016
3733 334310 4
1859 186864 830
4676 721723 2310
2313 463945 542
2609 901639 2182
4506 724208 1916
631 523409 20
3189 511108 2035
3622 309696 1821
4970 857881 2272
1726 983307 494
2292 845252 2003
2827 643781 535
1676 924426 1569
4983 266452 856
3605 890205 1626
3345 927322 1600
4215 820998 1342
3754 76855 48
2874 918665 1272
4744 158537 1655
1906 201433 1080
202 618686 2500
1733 737370 153
3294 424422 816
2792 671026 1093
3083 657669 435
4733 628636 2120
3982 889240 1026
413 869978 999
4025 851876 371
2205 152918 2319
642 151527 1632
1329 874144 1910
278 651589 2286
4289 608431 893
2593 226500 1937
2015 264718 2308
4159 516216 2059
1834 871350 597
160 621196 1032
3121 989113 532
3566 977642 188
3560 200559 2128
3926 466557 2269
1191 619444 1878
3595 654184 2208
4553 585236 1397
4175 687138 728
1919 678204 1467
675 676956 1278
251 711805 1098
3728 587765 676
1564 875027 1346
4715 650902 1353
4137 669783 2112
2438 277080 194
4406 385194 1769
1951 846262 2035
4284 697859 2185
2402 460627 982
3342 173238 817
4057 464905 1199
774 653275 398
3510 810587 2040
227 730880 726
3423 261918 1376
4190 686195 581
4002 625202 1024
4470 806596 2008
139 494975 544
686 69337 2173
2742 177167 2357
4928 329187 2447
1020 719756 489
3592 798209 1722
3840 808299 1345
4249 416356 1826
2610 870017 321
4648 584518 1611
3912 348871 2423
3484 462977 14
145 487546 525
2492 630547 1331
1864 292852 91
3289 521521 717
1764 743530 205
4944 406367 1332
3158 573445 734
2700 373785 181
2378 521839 514
2631 222994 1699
278 888227 1058
4279 57771 538
3018 155479 1524
3127 857468 1488
3254 666207 323
3605 830075 1547
4908 325031 2336
464 664943 386
2679 633475 998
4437 843015 1897
1088 857431 928
3290 982294 296
90 940268 2077
1429 61853 945
556 693308 1671
2063 69122 1013
570 705416 591
3150 750057 533
1056 78927 595
3631 40240 1104
1692 884767 278
3354 358121 2032
2035 309563 405
75 110464 301
2215 880717 1684
1661 421144 2449
2440 496977 1768
1904 257710 926
2719 658190 18
4438 160398 152
4331 312683 1442
217 166480 2449
2204 731113 1917
2834 818634 2285
3229 345607 42
1286 196382 415
1988 915044 311
3918 825757 250
4711 980797 941
2441 950872 1473
1078 78883 2281
3930 534790 625
1836 428484 1170
3723 630398 1326
517 414002 507
2085 588049 2106
1263 436370 2435
1105 86204 505
4014 445778 2169
454 357940 1275
4383 317958 1467
1649 826097 1829
4259 72577 134
4129 729510 359
4229 279864 2434
1260 755209 1112
4766 426745 867
3024 809996 1197
1418 820584 1834
417 766879 2351
3503 498587 1262
150 875154 1771
4779 340783 1552
4518 417755 1031
4176 557149 569
3447 32492 2269
2834 991463 481
413 626204 456
2312 648559 2319
81 700467 392
3058 939117 1916
3575 613644 1702
4112 458569 820
2381 321410 32
2202 218184 758
2584 440366 2176
1353 29972 616
2528 872944 1269
4594 813195 779
3736 187150 2253
3454 564468 1990
4044 603706 129
2558 750936 2279
1808 517500 1704
4709 735292 1063
4139 525925 2413
2459 279709 1230
1772 299773 488
595 924393 486
1322 790593 162
940 82413 311
2435 781734 1453
1292 53085 6
4098 479083 842
4528 94423 612
4367 955179 60
2288 55436 1085
4899 915260 1978
525 111894 196
3240 801157 771
2554 863037 1572
1855 276494 619
465 408105 1385
1382 315951 571
1469 255848 1475
1169 3695 1386
3520 439544 1835
1428 190593 634
1781 705290 2091
4816 3024 681
679 441827 2275
2475 795374 2433
4481 673684 1401
1465 901793 1803
708 316729 1792
3834 600816 2009
738 114852 1483
4936 634705 961
1439 315949 345
3755 406618 2223
744 208100 1106
1826 37381 1037
1332 181381 1357
4445 307253 404
4342 970544 1987
3220 918137 1504
4892 936274 319
4997 798501 879
4570 35434 630
4494 512469 1546
919 332140 836
3028 674472 995
2158 508276 889
363 469711 1407
4780 657238 2327
2585 821666 535
1503 127259 2207
2198 734931 1217
3871 415526 1480
393 989277 2122
4911 862714 1073
3939 248637 1114
4288 252657 1659
4405 768498 980
4168 255498 1433
3052 462679 2130
3649 162033 679
3717 549119 1388
1878 493017 1375
3686 936966 2478
262 615632 470
3846 174774 458
4121 118817 290
4645 573309 816
2024 970073 2086
1620 52455 71
4274 630120 659
8 993775 2091
4084 732833 924
3976 13989 1043
4639 227126 732
2789 302196 236
4245 36018 109
1681 856639 366
2661 394357 119
802 460142 1093
2136 8505 2345
3905 799952 563
3403 53096 1535
49 489863 1556
731 704892 1837
3143 205358 672
3771 611382 47
2851 154243 1708
4633 132954 1398
3627 844308 775
1138 352604 240
1553 441038 24
2817 921301 407
1201 388897 66
3054 496233 2339
815 779083 1539
2013 281100 2005
2277 13930 2119
3669 834593 1517
4084 916740 1361
3079 686227 213
3030 659972 2358
1361 91355 2269
3762 755109 1439
3062 203760 513
3946 780565 1878
2084 282783 1146
2928 208921 2244
3909 403272 175
1606 905162 1801
1286 49596 1828
3265 66904 556
3919 357085 1583
412 363312 1652
505 89612 2054
359 84319 1098
912 36710 2058
4331 326246 695
3292 731471 1226
2224 258667 1289
279 130480 928
2371 469500 1249
3943 1079 84
925 577278 1476
917 248454 45
2652 649256 1279
3168 505902 137
1379 204808 106
4453 923990 1073
2490 998466 481
1279 580586 195
1654 603336 1799
4040 393782 1387
1197 281594 1284
2075 282331 769
4865 318108 2003
3441 606906 1556
2830 795190 141
3023 147662 2098
885 505652 2155
2534 624059 536
4855 854141 779
1461 493696 311
4328 972299 583
3885 230940 1062
3198 472388 2337
2523 978137 2035
3981 373354 2398
295 650568 386
4453 50976 1236
4123 477649 2238
844 121620 2410
3946 328619 264
2405 294738 968
1917 493533 1441
4587 612850 356
452 454518 1368
383 303259 337
985 85536 1450
4085 559755 412
1935 439011 1341
3384 537694 1973
4415 719340 339
1456 333237 1589
4436 45892 804
3576 521893 1159
4106 374288 878
2206 459636 104
4840 724718 893
449 793520 1720
3665 584841 1850
1051 183656 1880
1857 884497 119
3391 773291 2443
4081 961663 2479
4464 17792 695
3178 82446 979
3551 724585 188
1332 644677 149
3507 284047 846
3061 335148 1782
4013 911879 379
322 425605 1453
2401 956568 804
175 782604 1370
620 296349 2325
4767 280638 611
3634 958759 1245
2196 313936 235
4439 89217 958
4936 950263 2135
208 969243 853
1346 123953 479
3421 826805 226
2228 935739 2365
698 806076 2033
3468 863276 1880
355 39467 498
3582 850189 2019
3340 88977 166
504 693797 1962
278 753956 538
4374 759347 1275
663 30023 1024
729 871010 80
908 137378 1450
4682 92885 909
199 849479 71
1173 802659 1682
4077 975449 969
92 229251 2019
1739 852822 2399
962 243828 2073
1130 355763 891
2815 639253 112
2869 895387 1755
4893 118741 2474
1531 496012 1308
1483 372732 1734
2804 194930 1615
1727 607880 492
3109 46177 176
3199 994314 110
2141 605276 2052
254 903424 1739
4644 978219 1251
539 549931 903
3293 679236 163
3070 762116 1802
1996 224360 959
1339 124614 84
3625 643218 1205
3502 636648 2431
1047 19724 1643
422 108159 1538
4669 424251 1112
4163 697975 2330
3535 148146 346
4072 819361 2249
1662 89650 2269
3243 454821 331
2105 574548 1737
2127 781328 115
4859 492628 286
3887 290036 25
409 425558 448
1071 152565 1824
4713 996582 803
5000 251197 2019
1686 702793 2413
165 747102 960
271 566171 1854
4504 762597 2481
623 516961 2185
1327 970680 831
3944 584205 811
1031 17836 2341
3652 801482 721
3920 740415 1897
4120 854839 437
4642 704295 813
867 653668 2245
658 27837 2411
4312 729993 1408
4586 298361 1479
1590 788850 1631
4827 884844 1086
4084 698870 827
3644 231878 1185
3068 657010 1978
2884 542677 645
953 433913 1211
1045 870170 1703
1543 793351 1118
3845 870964 989
1186 179929 1876
3611 798684 1066
4282 170762 584
269 456371 2226
3322 40375 1500
226 120180 245
834 539085 1334
939 311256 994
3150 241303 1084
2508 198269 653
4118 709340 1642
3639 190913 1484
3738 659799 335
4429 421023 2211
4886 433300 1247
1982 926871 2488
1312 117591 437
825 594586 502
108 230188 503
2971 646225 514
4295 943907 1148
4300 702006 205
3825 106984 2417
266 627448 1939
4691 781049 2109
1028 921182 2470
4643 250304 2245
3910 95204 1333
3804 904330 2371
4448 143825 302
1883 749822 148
2427 324312 1935
2788 775813 401
4087 858780 1077
1893 869736 136
4699 799512 2397
4108 831687 2357
571 238866 2300
3485 738653 364
3198 664976 995
2363 88357 2160
3846 221442 1313
1850 392083 317
4705 709511 1360
469 799830 694
41 725724 665
2429 913052 1326
416 136103 2488
1965 377263 2254
1710 99073 2184
3749 976089 331
1803 563211 1668
3818 85036 1453
1798 883139 631
3568 16229 1393
3472 103039 1325
1869 154231 1107
4513 317418 1053
1411 773269 1553
2887 305342 2285
496 321699 151
4298 413849 1074
2958 195497 517
3315 416195 640
1317 35652 2106
4204 897125 1980
836 904040 2141
1373 652026 1405
2191 938813 645
1210 888730 2146
2058 454403 193
2890 879622 982
4347 556846 1034
465 66614 1945
50 40373 1197
1345 888490 667
3787 510737 1268
2126 71394 1961
2872 851424 2065
4934 340610 711
4436 130911 1248
819 607296 1116
3805 643122 493
804 847151 303
4499 774827 813
3473 686074 2340
1569 633786 113
3322 653513 85
3491 153631 636
4981 939644 240
576 969153 229
729 957830 1483
309 694929 1126
348 804565 1823
4679 737360 6
2692 887564 2289
509 536721 1731
2923 442344 231
3112 513122 1689
1834 970151 1078
4160 318692 561
4993 714783 2181
2916 242408 1184
4521 852140 1910
1424 829695 695
3059 99822 2028
2782 890417 2435
4005 55189 1945
4159 732854 888
3917 379133 2183
2209 804706 1662
2764 356432 819
4178 207853 2275
1453 809417 473
3147 772039 2319
4111 462687 2181
3467 201706 998
4794 735582 1817
4292 741732 1816
3898 72961 653
3195 978348 2
2875 656888 836
951 623716 302
3056 752104 239
4518 766787 2245
3740 562381 1343
9 907718 260
1897 918166 2454
4535 255907 2334
3621 573674 1284
4896 788109 2006
2709 800100 378
1478 460421 804
2647 860597 26
1194 834847 1910
4360 731064 1044
4849 964456 586
1773 769417 984
1775 981832 1683
1214 568867 1806
916 476840 1549
3311 943209 14
4715 228402 450
2590 594166 2018
4117 428135 2327
1541 88282 2143
3172 563325 522
3099 627150 2312
4827 234845 2006
2426 621327 1495
3267 660745 44
4092 747162 2391
3852 984735 1640
1118 870328 1940
1213 731761 2103
1799 981204 1926
520 317383 1806
4824 210874 928
3770 191302 753
3284 392454 27
4860 22321 609
4201 565120 1156
3077 721282 913
4542 793143 1427
4987 691729 410
2586 27755 1362
2309 91797 916
1529 223578 1532
916 14394 736
1895 43384 646
157 460367 1479
3671 285865 356
4698 258361 65
4392 940861 6
153 113038 210
1595 354976 2047
145 188951 1815
4873 366465 1534
4600 249795 1206
4803 945585 1635
909 433108 1667
3992 389100 1366
524 462876 747
3927 220926 2087
4666 486060 1145
2626 612822 2044
3331 674994 453
4107 825913 1148
3003 652126 2412
1128 478976 1078
2774 42287 2193
897 659355 1933
123 286184 2427
1835 6637 1104
1494 818083 2129
4804 841215 1746
2656 84372 93
3298 178146 2337
2309 54912 2152
1330 755089 2376
4999 560095 1550
539 600707 1673
2212 336655 1689
3621 778584 546
4779 550383 1411
866 312296 3
550 911687 804
2349 294808 308
2000 331708 1838
1126 973702 1172
2571 24312 551
1467 744888 2184
4498 929298 1807
1424 991484 1252
3458 580187 568
3181 842899 1765
4291 760963 271
2601 950724 1737
1973 609941 378
1813 479034 2100
3174 377309 978
3573 588237 911
4967 500527 1240
3641 49757 796
2512 820829 1140
2330 12760 1684
3766 743953 138
4234 212564 1448
239 227970 369
244 105934 2183
4304 483421 178
1328 230982 690
4613 361430 1824
1957 983219 673
4109 972769 584
634 968133 840
2949 147518 2464
1118 993881 16
2395 996189 2419
727 233666 193
4027 926952 622
4072 927523 1510
2293 49264 734
4919 571023 716
3769 845807 145
4467 398135 51
1809 600104 1314
1275 928712 179
1837 755142 311
711 931902 2291
2856 989499 544
194 24385 2463
301 665123 542
3473 112988 1342
1295 87071 352
1243 467430 970
912 953726 1762
1605 767149 1421
2813 35411 1412
2813 139750 194
4983 412199 1199
1707 834402 946
1226 240013 1954
2735 289468 1215
3114 946189 2006
960 417852 143
3458 36866 587
4001 322846 384
4906 767383 736
3592 326084 630
1471 71105 433
1911 853778 2485
1839 172705 1127
3853 737602 1179
1026 495705 1547
1469 723173 701
1510 420884 1369
1988 842621 965
1467 764176 1799
2735 234555 189
1859 826948 327
219 578025 2092
1327 701137 1024
1517 896075 764
998 898212 593
652 538190 1073
2730 46977 872
3853 178969 361
727 686335 64
1117 774913 804
2122 94774 845
4587 633849 1408
3239 83908 1540
1751 628029 541
2196 189867 2045
619 519268 777
4567 48519 2101
4290 929663 1267
3852 579765 691
1940 827688 369
2717 816930 84
1906 53420 2257
243 863455 518
3728 879234 2290
3722 912930 1584
3498 326981 512
2510 175597 1225
3805 140051 2125
882 284335 946
259 821195 1801
1359 606160 750
3111 412999 92
3992 989106 2005
1234 911634 967
4164 952052 2184
4152 816407 2415
1450 585096 521
2350 834395 1868
883 499809 304
814 196403 1275
2672 255325 296
601 196085 848
1576 28478 1869
2906 711047 2004
3672 184778 1395
780 678651 883
1956 327123 330
3887 465483 2318
1873 616081 260
602 970341 2197
1979 6292 993
2015 287824 1651
1316 148804 2303
2587 631336 2455
4905 227320 1993
920 559478 2492
1403 764593 1050
39 217770 755
4755 185273 205
3108 111378 2094
3149 603969 1627
1689 133577 618
2588 945251 792
2211 249863 2106
549 354041 58
4891 595450 1502
4790 552914 1570
744 544853 1530
1507 429568 1358
218 509159 727
2355 528749 2435
4722 544692 1115
2157 928094 1125
1261 398378 474
2018 151188 2023
1216 715697 2385
4783 805661 215
3095 367644 1175
672 827301 564
2265 112720 278
843 861397 1215
3919 554571 2291
2048 989745 552
1875 336627 1717
4048 610597 1686
4807 393216 935
245 79233 2007
1535 836604 836
1871 685476 9
1742 750785 1799
3356 823697 1867
4552 595133 2047
628 518042 278
825 960886 922
461 926837 1139
3442 723930 355
1079 143170 1842
3078 549329 1853
2695 564085 250
3757 271651 89
2675 505510 850
3216 687043 2297
1339 214527 29
2396 246104 2336
236 265445 232
1763 869600 176
1461 260645 1263
296 172446 1809
1165 376722 1150
506 900397 746
4388 260583 1931
2342 277356 278
1793 78717 134
4961 275207 1709
419 914738 597
4280 757132 1313
1005 549269 1604
2667 607093 1692
2717 998416 2414
1310 263849 241
3315 715815 2176
639 748743 31
2995 527024 30
2452 896468 1165
2758 233485 187
4687 339058 1222
3778 814593 2475
2039 878722 947
4137 436518 1792
4940 849090 898
3457 941195 1824
539 283887 1036
3561 858627 2434
357 158605 1700
2071 35016 571
460 394212 308
430 359898 854
1938 654393 2083
2638 523282 260
4973 506653 978
3285 488657 607
4379 795815 533
1186 228072 1430
1041 452286 665
2457 68503 2453
3802 889337 260
1956 570675 49
3992 880157 513
4184 532333 1589
3219 720070 1445
2100 72805 1310
2244 731877 520
4282 576671 1392
2501 321836 1019
2030 801363 1890
3606 88880 2463
2828 608860 1945
3422 333648 1605
2237 793511 1559
2244 415402 1592
2776 296947 1648
3029 240098 1413
4332 893319 1629
2686 796772 1302
3655 642360 2271
1630 523069 142
3280 950565 1569
1001 165904 530
2082 255939 790
1971 643489 946
2948 872254 212
3974 77685 1104
2444 125224 1245
835 390820 664
3285 7715 2302
4118 337743 1123
1151 777261 161
3430 915724 2489
3204 356483 2208
2282 168742 465
4105 988597 340
2623 164337 1757
3663 218658 1847
1009 195537 556
4267 996461 1870
3470 843476 1710
2201 159977 532
2965 626767 2059
116 726202 1291
3807 301859 526
1444 670391 2307
1019 779115 416
3143 57579 1211
2124 874999 708
1407 6775 2296
3599 183216 2264
1433 218036 1214
1095 679646 2301
762 337692 937
3401 868481 607
1369 40717 996
325 255428 2230
550 946467 1113
1360 427283 5
2379 664616 2168
572 811239 260
268 529148 1059
374 258628 1853
1878 369415 1195
2735 386900 888
4092 917747 1355
2331 549786 2145
4558 421685 1965
2729 12667 505
1772 518643 2219
1828 822384 2385
2697 566377 57
3589 587898 1006
3357 729494 1542
218 919736 599
2683 997461 1693
4171 713885 1789
3482 651279 1033
1743 158436 2205
4070 481607 575
3039 744918 1456
3568 657421 2203
3716 173191 49
2783 585963 1649
4156 321666 1821
58 322189 1042
704 414913 1561
182 710328 2264
240 586874 2065
4915 547516 2191
2582 291746 1305
4777 94169 2129
856 614517 656
2298 960834 1970
973 768394 1949
2892 146520 2466
68 964567 1926
1327 801635 1882
1754 284800 27
812 72456 2445
2542 48063 406
2739 748173 659
4753 542210 1680
208 25938 1749
1164 945394 1951
3721 221657 106
1366 459091 854
2958 925445 1997
4337 952010 2144
1400 153180 133
4520 666188 1835
2264 227394 1316
4027 638278 1960
2584 486613 1636
1557 949905 593
556 491522 2024
363 232756 413
166 888101 1793
4682 13372 1940
787 88259 292
4069 883984 587
4991 62907 1566
2565 151373 2159
1363 287769 1619
757 792263 1573
3934 434575 1162
4722 822301 2092
2551 932211 1720
4798 198794 315
4927 633053 598
3551 868628 1597
880 583418 829
562 123386 1843
4038 665259 2113
2916 627462 1487
3926 482278 1199
266 982526 1155
328 211823 1098
2560 596754 1580
3055 984185 1838
3399 78102 1320
4586 864140 857
1206 461233 1647
3126 536594 1073
538 106601 1025
4521 589090 158
668 563364 2078
862 761806 1072
4572 179849 2248
4503 94793 1144
1317 355494 1226
3777 421221 1236
2096 290613 450
3247 589991 188
994 246182 2313
4911 8537 441
4646 715423 1178
1892 64695 1939
4371 883310 1133
4010 633227 1618
3503 95295 1160
4017 572665 1818
2778 495937 563
2258 681999 2391
143 315892 2229
1815 748863 594
3900 743815 392
251 791218 756
1941 427710 1337
4809 468783 216
3019 882220 43
1159 5334 935
3001 691534 501
2090 822681 1717
3603 592350 1447
2474 638954 12
725 334212 2118
2410 738055 1571
3679 952440 148
3676 871561 1903
186 839324 1523
4564 144630 2046
1019 251780 517
2836 405977 1090
4517 283152 2060
4789 321265 1316
2029 658241 1767
961 804803 1330
1577 306476 1450
3796 663744 2226
1174 767313 1219
192 108426 1209
3373 133775 1469
454 996046 1761
4302 448629 223
130 845703 383
480 105747 2315
493 384194 1932
936 94873 296
4324 787027 915
3572 242299 1185
4458 457124 345
1209 392798 1217
3213 354613 151
3881 281625 1624
1097 60761 1278
4939 613059 2176
1883 561299 2049
914 282406 2080
2420 247488 1697
4844 590863 1012
4313 626489 2355
2224 934620 967
2216 909288 1672
379 256120 2047
2615 804144 126
4780 63309 986
1477 511328 391
628 2245 1846
1477 785596 1219
1606 315103 770
4488 159965 1538
4560 402705 543
282 99931 347
4850 520942 363
2515 231645 1831
1959 459704 1481
4469 630553 633
643 136302 532
2283 826668 2486
2744 294022 1880
706 546962 77
4614 312391 2032
4000 763785 1694
4865 973660 867
1449 746296 1918
4386 653334 1410
1482 819855 1223
4320 903622 1859
4291 195377 866
4928 269847 342
3308 412080 2465
1131 63276 1144
2711 62007 1447
1595 985016 1531
908 980395 263
3255 293178 160
4903 1825 1737
4842 488373 1525
376 395240 768
4242 826574 1821
2109 701285 1047
936 15331 2469
887 619257 2031
1883 194369 358
207 835973 1758
3745 32072 1172
2992 263927 1151
20 220541 2182
4831 35388 2321
836 247858 297
2646 934832 2453
2506 737786 2359
4118 320227 725
828 968607 2278
1682 447099 1246
1162 998041 1148
1090 905420 22
137 843536 1614
4792 544701 2137
1057 753259 473
1325 20890 1764
1663 193649 497
1457 753912 1246
2912 370735 462
1272 671077 1195
2811 210805 1914
1389 126483 2115
1154 577971 553
1653 588421 1738
3171 305445 267
2777 59043 1655
4664 277055 1000
1358 270555 358
2160 908950 1294
4700 745841 676
4075 988194 1490
2540 715525 136
1802 86951 1673
441 397426 946
4305 287654 1380
205 885987 2097
2312 627659 869
1388 356447 1995
4990 327306 1116
3770 887372 1066
62 192807 915
3824 582395 499
1392 435975 681
1070 945989 1702
2178 999740 2343
1701 18632 64
3140 851805 1546
4515 411631 849
10 646074 360
4871 322029 1238
2524 984882 2022
650 606593 1707
3623 221698 1031
2021 831649 271
4547 244825 1851
1926 782193 1251
1058 51113 546
1074 32164 2440
961 826297 385
2134 283038 1213
3099 242815 281
950 235286 788
1441 412363 1230
647 302846 1487
3104 245657 974
3988 244134 1692
4908 418293 1879
1266 777063 106
3748 404287 202
2879 662584 13
2087 705130 398
4276 380331 2217
1470 59346 1387
2780 751306 935
1024 844906 527
508 498201 45
3268 436186 1300
2154 624347 1123
1948 277630 397
2602 585229 1563
4343 23924 542
2879 318709 1119
3092 114365 2472
379 385523 1528
2485 148513 1679
1760 509239 1115
2234 451895 1348
1012 817993 2470
4467 694036 804
669 285148 1402
2220 52673 926
3202 435512 1383
1944 28461 689
4881 958751 144
3855 658762 2002
1321 39389 75
2428 701842 1257
2889 70686 210
1921 702136 2148
3526 897608 750
3300 61798 403
3601 717280 1423
2121 972679 2371
3119 687065 2152
3241 942393 1835
1394 461492 508
928 876435 165
73 46187 2296
2635 523227 809
2574 789468 1777
4938 850448 209
3039 469323 234
1099 898908 2313
631 101898 1749
688 451603 1335
4646 175828 2182
4319 930060 802
3158 837071 571
1710 397872 496
201 51104 1746
1724 446650 2296
542 178117 703
4109 770626 1344
4817 216283 1083
4579 252356 1439
4874 244411 493
2581 388589 1493
4786 336984 1149
1498 328295 1923
4673 997037 2237
189 698101 2081
407 964158 1354
228 517263 179
4754 41763 422
1318 508048 1998
3104 32136 162
1664 208998 1251
4983 566710 861
4130 712728 2435
4420 302775 509
660 630089 603
3908 421602 215
1051 268654 2044
2795 253384 1532
2848 577668 2178
723 289752 918
3629 638570 91
3647 567811 2125
4497 853337 822
616 37763 1763
2914 97905 1346
1688 766049 1124
4860 456621 1320
4795 335558 1229
3037 200323 665
1571 835510 949
871 262116 181
2523 171952 314
707 893213 1386
3264 580743 1643
2464 671763 2128
2943 603006 2166
4582 400895 1963
4260 739536 20
3704 558458 1915
1899 943734 1091
3444 495798 1764
1970 703101 394
2665 292208 1708
1764 763874 701
46 562122 1069
1440 641158 158
4138 886421 378
392 291132 1448
3756 286503 100
1063 817242 1979
2262 76132 617
1195 522949 2383
2360 924626 892
4377 364092 951
1615 256766 697
1891 344285 721
3257 794953 1130
2302 59516 799
2200 681298 2061
2100 902555 1257
4644 160084 774
3606 285566 564
1580 75778 679
3294 742178 495
1544 182278 226
534 207446 1537
1537 540032 2477
4689 922271 2075
3047 364389 1193
1869 178056 2131
563 790952 2182
1585 990480 1340
3350 561889 761
1528 132721 1637
2120 469980 239
2754 661455 2010
2801 109045 887
2448 373535 623
3532 874859 1756
3867 584693 715
3876 138212 168
4721 491665 2365
2924 766669 1209
1973 999496 1293
3362 17606 1924
4341 718382 2049
2414 736360 323
811 393417 1909
2097 431428 2296
1522 291281 1440
748 946477 2441
1192 483119 997
2107 690378 431
69 974870 1275
3713 340663 1688
3315 707812 245
1426 563354 1719
2676 667859 2205
2682 303854 986
3098 921874 1307
3107 976881 793
2897 42678 219
2921 256450 1278
1838 460073 399
374 17165 677
3762 490198 49
1922 9693 1731
771 270459 1787
2292 876937 1153
4322 456721 1595
3542 155005 955
768 907522 2002
722 942303 2034
2822 586769 1649
4671 513908 1911
1531 114237 2044
2343 766079 1714
4061 242438 1781
2919 405726 648
2241 943453 483
2588 317785 138
1046 949060 1341
1399 590074 2365
4082 915878 1972
2229 973110 2322
2016 48280 1139
93 560403 1569
4405 170256 191
649 437730 933
347 766924 275
293 597114 1507
235 506530 46
3707 65161 661
1907 522925 2316
3024 98372 2298
1282 603247 190
4630 572370 347
1219 461783 87
4357 918858 916
3854 616112 780
508 328306 769
2649 289207 422
3186 866249 1405
685 540833 2344
2775 251682 1585
4333 880745 1827
93 447560 1328
2376 889326 210
4317 831964 423
4158 847573 726
3084 610049 2065
3613 383189 1631
3402 981051 2370
316 138439 1359
3076 31042 1248
1068 708438 1718
3316 528598 577
4562 891257 1351
4775 679441 1047
3043 591861 116
546 839423 2079
2182 192197 1432
4717 456461 875
4903 883487 654
4880 623605 1980
2861 594437 963
1903 478003 1351
2633 11228 2291
3108 882417 934
1006 646406 1091
64 640466 1867
4614 676643 130
2126 818268 2255
1541 42400 889
1045 178079 2216
320 143857 2086
1835 262205 1331
4001 583559 1533
492 48080 118
2277 880769 478
4464 181784 514
4424 451127 42
822 769878 1741
212 541655 1654
4277 811558 210
4826 953143 1846
3828 816632 48
2229 767635 558
280 154606 2400
3143 563616 1862
1252 972459 1302
1632 864310 496
954 964191 1382
3659 960320 1731
1663 233592 1365
4162 629323 2194
298 972649 1905
3031 605672 881
3824 345236 971
2564 785517 123
4268 219514 1232
3524 254699 1095
791 568933 1921
3371 48918 299
2868 757221 55
2532 599385 1855
4149 777354 1998
3168 934440 245
1183 41395 1680
614 461096 321
72 668428 805
4324 10034 2077
867 322356 464
1198 879111 2181
481 521497 1446
2838 293337 1079
334 631070 423
2152 235965 2006
3770 654345 1655
3665 137378 133
2094 579955 1540
3191 747474 2077
85 990377 506
510 398905 1890
1570 549027 1305
1707 614999 1093
3453 584696 494
1418 817486 2493
3571 412232 2120
573 487129 535
2350 645584 1810
1336 46639 1
4797 249746 1411
667 442064 212
3739 181012 2033
2342 352424 551
3052 663625 1305
2517 412953 1926
1982 265156 605
3405 979589 1817
2801 605566 2093
4808 859624 2204
3195 120603 2042
4911 88405 2056
2946 351779 2206
336 432602 437
920 390444 586
4341 275472 629
1594 331259 1094
3903 992294 2383
396 59192 918
3399 178083 1848
2291 478375 1434
768 866257 1690
3021 836433 357
1712 245879 1460
325 201363 54
27 524017 1196
4461 152309 591
2365 566380 2028
1818 696821 1282
2990 389135 2032
4279 993194 8
3712 571178 1274
3854 376134 2169
3541 882900 225
2359 465310 1043
4233 123263 1849
433 336530 2272
4926 950675 185
3562 416260 1509
1888 106824 759
3381 588666 3
1807 15502 2177
4678 666435 1647
2764 173616 2200
3271 342117 85
2725 792916 807
2577 772314 948
534 652820 264
2311 504619 455
2272 99018 767
722 924822 443
4984 761458 1707
2366 894422 556
1191 236433 1304
3835 978455 1155
4231 753772 1609
1052 738251 1779
4330 316902 1638
2854 823803 2392
4124 581544 1506
1875 507077 143
4612 655828 297
646 978410 1759
2016 680198 1857
1685 918475 1222
16 755795 753
1530 535363 705
1783 164745 1941
4174 399565 2322
3608 495976 2357
3625 922709 1646
3245 653859 434
3119 479741 1278
3378 506689 220
736 672618 2337
1887 604349 1956
3750 223768 796
57 278291 704
4643 641266 742
270 102703 494
1868 550623 1192
4747 537229 315
3855 869362 2408
4034 134377 679
3687 814224 2115
4091 649605 1323
3848 672991 2449
1287 163498 689
4190 255628 607
3929 521701 951
2744 658885 1830
2000 145959 1793
2295 442810 646
4170 837135 1085
1577 189190 738
4532 345854 614
3778 988265 507
4 756686 287
2630 729923 1440
4728 371880 721
1354 997793 1022
4847 23988 2086
4457 78437 572
2702 314381 759
4569 328874 2374
2804 752127 2363
3632 616415 508
544 192867 178
3111 114498 1657
3063 530446 947
971 710844 139
1488 743654 1917
3859 452088 2288
3795 119862 1774
3433 509598 909
2666 98905 741
1294 15055 1856
2099 288564 517
3893 907566 220
1351 671693 440
4200 533953 245
3996 72208 1839
1562 71088 1763
1176 748689 1704
2008 382473 2106
4479 70133 1301
4124 175999 2462
4257 185147 1182
39 977420 1919
4298 151356 641
1594 585266 83
2041 789979 2194
2673 149089 463
4686 450305 1299
3613 623982 529
3699 173801 56
2529 386975 729
4405 780548 1320
387 872997 1530
2182 707279 1144
4510 217203 2359
3581 805518 1172
2012 761293 782
513 461188 1216
1571 552374 997
1711 236487 1171
2475 222264 710
4667 186797 940
4320 860267 245
4153 23788 1006
265 376868 1215
430 756012 534
2214 764337 154
4994 975829 2361
4403 924915 30
1498 787133 788
1028 821261 1604
2596 755887 621
1222 410295 430
1069 349173 2372
2237 737544 401
2313 420004 1754
3040 263881 1237
3112 335381 868
2630 257548 974
3718 695987 394
3283 160433 957
1117 176038 1770
2879 309997 381
2511 521421 1380
3711 391872 270
4578 217715 1014
1914 314337 1874
1645 632175 1516
3625 884354 1966
4514 963850 246
3263 33979 236
3909 984749 1207
213 623790 2167
2024 9680 542
3634 105456 1396
3191 717426 1676
4754 760922 928
845 212667 50
3450 266487 2363
4944 878468 2328
4128 534212 402
4643 503974 2062
4904 531271 1131
537 979681 1721
521 63992 2255
2086 999126 1266
914 243470 279
1156 818776 454
2428 988353 957
1534 784847 2356
744 325961 2390
3452 883178 1350
96 601052 2370
3836 630724 489
4822 663070 1710
1390 262589 1040
2382 948044 673
355 357837 1882
2415 571888 1912
4725 716394 974
2811 458017 1981
4725 786962 671
1570 215431 2087
3908 751452 1171
684 314659 979
3456 778163 47
463 440144 2032
1898 119288 1278
1068 919394 1135
350 916786 1557
4681 132954 1196
3676 213911 77
2067 110664 1158
2101 388405 1950
2793 64375 1377
1695 154101 1066
3104 888448 289
4222 551683 693
2700 577711 697
4164 46947 578
3581 510352 418
3583 294126 146
4278 142239 2117
3224 480063 472
3485 492587 1304
3150 427055 793
3183 732440 209
341 355700 990
1047 632944 1836
3672 285814 1175
4171 432802 2265
3244 644480 1240
1291 403206 1286
4284 852674 744
126 887872 1172
2912 71385 321
1902 933194 122
163 568437 313
1790 57519 1605
4570 749033 697
1638 743351 354
66 139994 631
3349 387797 1378
4304 11840 787
834 553018 573
4463 652903 1896
2082 435989 539
2563 964163 2011
4167 992251 890
4059 657935 259
4998 519772 185
3769 532657 738
1126 224905 1716
2016 125178 573
345 786132 1889
2832 889271 407
1321 865436 1067
3651 945009 443
1086 893153 1388
1869 174568 954
921 31824 2336
77 289643 579
2203 707771 168
2313 118344 1128
1090 264040 797
2457 608455 1429
3841 364304 1311
1799 638377 1169
699 260847 1984
3240 357256 1273
1527 671186 1460
2333 806123 1369
3612 550481 2225
2082 406722 1899
4432 726952 2271
764 599352 1730
3125 902537 116
4268 620031 433
3324 925066 1800
2465 395894 2274
157 433070 424
3529 441308 675
2128 503081 736
3154 589741 1326
3764 408756 817
4555 663924 139
2737 876703 810
590 83522 2207
3173 440421 930
4353 867469 925
2302 642787 1166
1288 790137 2369
1850 312024 1666
2531 625755 851
704 520171 1109
1254 102504 470
1671 369536 1683
4039 232970 1149
4473 489871 2500
286 269812 564
4624 193299 886
4483 921759 72
1667 239474 2152
3368 480974 468
761 281208 2224
610 749750 1252
161 557820 788
48 159923 2275
3744 198391 553
4439 437885 2184
852 596585 2315
2415 662499 145
2372 77471 539
2402 247100 643
949 127070 1278
2249 874840 74
3593 110379 1632
1838 69313 2166
4814 15928 330
4013 309802 2263
1191 96747 1422
2632 3406 1948
3367 270867 1781
1454 302559 1280
3975 397762 1139
3789 113355 633
31 2925 637
925 343067 1647
4180 157964 1320
1301 405335 2195
552 703540 2370
2946 594983 2057
1952 536979 564
2676 257056 1711
836 454659 1530
4091 851181 627
860 233203 728
2566 414171 1495
1828 555816 488
3663 742923 1083
635 232271 2013
3338 219018 1032
2235 918365 255
1620 46540 1233
2165 821461 469
1260 929167 1074
1228 725245 276
4731 290469 1052
624 688347 157
201 59286 1022
4450 152293 410
4129 259754 1694
657 93023 1091
1102 629215 1421
1369 728410 2483
2780 402207 637
4206 888584 1057
989 669302 766
4388 488372 33
3189 704088 2303
2484 119124 585
1705 437784 396
243 116151 890
3021 262810 788
1854 879432 1879
256 342934 1741
2742 515888 368
4858 81679 1707
3794 443313 522
1748 276105 546
1987 931784 2406
2114 927391 1264
1231 174595 210
2309 701334 578
3964 502751 2294
981 886949 2123
806 804982 252
2365 557241 2140
1008 846821 1880
2015 110384 999
1941 285094 1332
3436 612957 755
4853 227884 1121
3116 615050 2081
4819 146486 468
3127 981661 1721
4846 949252 54
3303 933839 1814
3826 725157 1661
3484 965633 1444
324 962998 806
1800 158284 1828
4152 275218 2483
3823 169982 1242
4244 488406 848
520 757649 531
1322 50352 99
2622 759057 2229
4522 785437 1632
1648 511596 1448
1332 390355 1045
547 832193 1346
4622 730258 2348
3214 499336 1245
4724 425800 611
4648 870004 30
1299 202492 490
1230 667048 1867
3460 567595 239
299 407401 1575
1996 920169 2161
1644 984069 1404
1618 952267 236
1111 635581 359
733 702706 1080
1833 334841 2326
4644 244648 2036
4798 564639 1034
3305 428423 2297
1251 927247 2276
2749 363881 1371
103 912881 1357
1070 653452 679
2491 232968 680
294 878726 1995
4327 619060 1476
3738 838767 793
504 34896 1569
1012 112266 954
2845 998797 1856
2780 185069 978
3637 725071 775
1233 535058 151
1429 388786 1655
3030 68579 342
1168 765715 1290
4807 483169 2208
1324 700636 388
3692 106609 199
3238 222062 173
162 428824 1688
661 229966 163
1339 678439 1408
127 631450 2291
3792 338057 1112
4233 621963 1539
2671 634179 566
865 73674 1773
1456 621748 603
847 936375 2263
3529 497360 2216
1173 348410 629
87 450605 440
183 490393 513
198 219006 882
713 39243 1645
4789 856315 1483
1530 897710 328
2219 988014 707
2019 154174 1547
1966 225560 2354
4726 159984 244
106 672620 372
3353 285098 2010
3113 563596 35
3099 945436 341
2049 723637 1829
4878 226554 1465
3465 363622 2442
4672 301878 878
4650 155787 606
2377 817034 1423
3012 901645 7
2946 105137 1118
200 560343 498
4863 398207 246
782 821384 902
1905 871238 462
961 433528 217
2698 155509 2138
468 976188 1315
1174 936287 2391
3379 343985 1435
511 175422 161
726 145713 1472
1860 509577 2066
3859 598996 2241
3903 614338 1180
3713 882458 1297
1515 859030 2314
2495 925598 142
3453 685389 1396
601 988493 2211
1347 147397 103
2237 945137 1512
3474 2294 2419
4751 72770 1949
4591 659462 2395
3368 350804 1243
1035 259373 1891
422 109849 916
1918 95354 1177
362 927142 1225
2436 71783 996
3846 543096 1948
1119 196599 768
2511 404704 1080
822 310039 628
43 659104 1756
4022 714818 530
1831 337719 235
3591 585538 29
2279 217337 1612
275 967744 406
4809 801493 539
4559 115679 652
4977 312429 1709
169 950390 1399
523 63062 1944
1103 359404 563
772 977870 1234
4227 469985 1061
4189 863180 1679
1511 381590 2304
3189 636446 2388
4836 379135 46
173 804656 723
2918 890665 1724
1863 19827 1924
214 381943 781
4180 699747 2060
2279 242943 1600
4722 359092 2015
1844 623146 2147
4262 480109 2100
2622 372231 209
801 587005 1940
3530 836147 362
2070 959386 571
695 482287 1073
4680 29497 75
2087 957482 1320
1249 318782 584
1290 648586 2225
343 660388 1186
216 349197 704
167 301181 923
2099 454488 395
1526 221662 1451
3390 381960 604
3459 954587 2056
3960 578615 2183
4710 828840 705
1142 776706 1375
938 795502 1829
4074 250208 18
2266 629902 147
2830 322810 912
4776 994802 1851
1529 863659 2316
3524 173871 316
277 394978 535
2871 311603 2261
1096 345711 1941
543 433163 2384
2695 942856 692
3399 998001 576
1640 173794 219
3352 61296 1305
3826 436978 405
3334 406869 1050
4077 223691 133
1885 647160 930
2615 872714 2491
1363 45838 265
326 853849 1301
337 536335 1720
3016 724678 54
3565 486584 2372
4638 817500 135
1819 616364 1453
2067 992131 1490
1624 333425 1930
4018 830987 1421
1218 779588 1963
4236 432767 1590
4954 289625 1189
2567 333709 284
885 901471 1085
184 856480 648
220 745458 1664
1524 284307 2000
937 381686 1097
4610 581828 1484
4888 845508 1135
559 631720 128
2870 624677 2121
3128 775532 1579
1221 803003 2263
696 944806 33
4991 894012 311
106 174764 1920
1141 636115 322
4302 811812 695
173 578836 2032
2376 750834 115
3494 922619 448
1637 879904 423
899 13170 591
4453 945272 1488
4625 931878 2405
2569 275089 1656
2763 189176 638
356 784612 2179
2272 174073 2456
3892 144097 1480
4451 142600 2339
2638 3323 723
4325 429358 2248
2 751257 402
3386 248495 889
445 149640 435
26 234986 1907
1862 111122 502
220 968530 1494
1568 576902 108
3934 621973 79
3910 250198 2374
1739 563328 534
2745 507271 276
3022 324483 355
3827 558966 144
1100 672945 416
548 665162 1018
864 441227 1494
3596 666816 1129
4673 989711 21
3456 877713 758
3105 632852 2159
4769 21727 350
4381 493525 320
4328 331708 2247
3614 245439 1655
2468 328250 2074
487 325949 2208
486 396587 1500
2315 198501 1452
1484 458081 2144
2228 633133 596
1816 962157 2282
947 439221 578
4346 776795 2311
2519 173651 1620
4068 650604 131
1585 408633 2381
3944 434882 75
2671 567725 1241
21 685089 900
1699 702636 100
368 352328 2003
129 894318 838
1011 912573 972
647 404062 975
1074 248530 199
4973 756830 2416
1503 50783 868
903 965474 1217
122 782332 96
4028 73956 474
2530 451144 660
2085 110273 1363
2442 524451 1551
570 394976 372
1577 154862 912
2658 903281 1887
3282 169207 2320
585 345623 35
4598 313459 1486
4375 694518 1097
3015 270847 1515
2878 839028 487
4582 86062 729
4207 768163 1482
3694 334621 1922
4749 390276 794
4040 318529 852
4826 381607 2406
129 136146 1355
1509 395839 638
1469 556468 1578
4768 812743 1885
332 482294 920
4202 167194 1901
2982 508489 1215
571 53673 431
4590 849575 43
3565 292546 2199
4851 622531 1907
2579 356903 1490
2 518199 1739
3695 468131 1898
4825 701224 2432
3833 265491 1961
1068 799843 1640
4577 464457 2325
1747 452330 500
1526 906299 655
1858 789367 1277
3615 679145 2241
2127 936536 1989
2293 615543 1738
4006 484947 2062
4158 875561 1036
4574 906273 855
1981 617896 2128
4892 158870 2348
875 463981 1243
307 751296 1718
2503 860193 667
1177 91781 2387
1606 824056 581
2290 10148 2321
3222 386833 2366
120 817116 1381
3133 937514 226
2037 626339 1529
4571 908982 2351
3951 739587 1463
3427 273171 1871
1151 107612 1326
3698 998760 2172
4635 400439 614
2381 91128 2410
1616 316857 1266
1259 699451 90
141 46681 66
4470 144727 1561
473 296621 815
1812 494881 2454
2595 481760 2171
3030 882264 2014
2616 546024 2043
2353 790408 1790
4665 759511 800
642 46586 2303
1768 244871 362
1844 26769 66
3920 455736 1963
4154 363308 1953
139 798811 2219
34 859727 1255
4864 207527 2214
4411 107202 1542
3244 507469 862
3976 595122 161
2766 893468 1912
1770 975007 1493
3342 35955 1520
1700 250320 84
4766 276743 2058
4373 491906 1540
3104 857177 1694
864 513662 689
336 131575 1257
2836 491257 1466
2395 4998 2330
542 627118 2112
4129 948149 1914
3131 462807 664
3112 790797 221
1620 411417 2161
4807 824950 799
2139 635233 1995
1150 657192 1700
4026 872121 2166
4248 709324 2172
2640 471239 836
3370 392919 174
4771 261483 1338
1323 544868 919
4063 661711 878
1213 697172 936
2683 203233 1883
1756 959724 1145
1962 126430 1477
1434 288341 1061
149 993559 807
4572 349264 73
1210 820024 1709
612 213344 644
2528 174300 1954
2598 369616 1811
4174 820950 1843
510 434905 1048
1025 210449 1646
999 524611 1719
3378 881668 1907
2664 543484 945
963 515171 622
2858 213183 1640
3684 885684 2273
158 636790 2162
3221 17003 618
1160 513763 1440
2044 197415 1352
3468 812803 1852
2005 19367 1060
542 923644 857
4319 581803 1395
4166 644002 106
4516 651002 1187
4474 844968 2058
4826 199227 153
1321 491650 2202
2772 886280 2309
3463 882216 2084
2552 92103 1507
1119 880415 2256
4387 820597 1832
3536 472221 580
866 791112 1397
2891 312052 9
1009 427310 2222
942 395063 1485
2714 526342 2235
1487 811060 653
4 759791 1418
3535 386523 1947
344 673125 2218
1272 772627 2066
1311 170829 2462
4099 72835 328
4226 379309 166
4139 264411 241
133 759896 2244
3151 318775 2323
3384 445904 807
622 907476 1670
734 384925 1051
876 608372 279
4931 645975 1493
453 3358 1557
1054 366279 2276
2776 607979 2422
4017 765725 669
3742 927207 1328
3197 471139 309
2996 3992 1168
3618 688145 2127
2646 369256 2011
4576 293802 1827
3249 973350 2425
2353 959778 286
1218 80762 1520
2094 192882 2246
3706 409967 1729
2230 924839 1320
3586 703908 2464
3123 220562 67
641 999925 1875
335 94795 1723
3383 629807 985
4619 802737 1960
3778 196059 1718
2921 147990 1847
2876 553170 1696
1259 862526 2089
428 335313 2329
2269 701410 110
3219 576919 2141
4771 565265 901
826 788946 644
42 161837 2273
2422 442798 1103
1677 43915 765
1958 443062 1626
4746 961013 203
1577 887937 1753
1162 1299 2200
774 685338 325
1321 500104 804
605 63844 1960
2336 281642 1308
1562 628283 1156
2676 871090 260
2572 315404 2139
3298 646260 1270
1612 371775 44
1548 647580 80
3254 529735 624
977 223690 1373
3645 913774 149
888 571811 1385
4240 746843 2286
3165 552388 303
2015 251440 1725
2972 972736 276
3414 674671 41
4331 867862 1408
607 482409 763
4707 398 388
1203 467418 64
1318 302025 2306
714 95659 1881
2783 693265 967
3604 596645 131
2328 828743 895
1541 814839 75
4257 727837 160
4208 609275 2179
2177 799553 1666
3789 710129 2435
3755 141339 1718
2343 406189 1998
1907 441274 2303
758 888187 500
2479 985693 285
4023 826039 1504
3691 395017 1753
1419 96001 989
2591 621378 557
3423 496275 610
3262 173030 1037
3169 461695 1970
1737 196094 171
217 800178 14
3360 36091 2390
3322 559749 489
2988 631882 75
4913 744945 1604
3339 401262 547
1261 874418 1198
3317 186909 424
3424 352400 1040
633 328628 926
1855 204776 139
563 275933 1009
1848 96662 1884
3746 262521 901
4293 901096 1949
1897 920903 485
2328 256327 2467
4313 356119 1233
3279 121791 1150
613 794797 1806
2099 591583 491
2793 468743 1461
1328 143956 789
1256 390701 1869
102 20157 1784
3903 166454 590
3950 542455 611
2507 199532 117
97 216858 1276
4204 193008 462
2482 672970 73
3428 581674 239
2230 818111 2436
4857 166165 1292
2404 475570 1210
306 312462 211
1393 303119 361
4498 991517 1915
962 244271 1264
546 845585 633
4656 885554 1414
1227 344437 1504
2971 695170 1269
2215 202861 2309
745 275642 1540
4205 817941 2309
2789 627938 1546
911 390276 2281
1703 118486 1136
1760 886985 2438
2016 863582 2280
570 890865 1544
1309 296687 643
4621 167855 1865
2422 277418 85
3556 949421 834
3011 210612 1323
3050 878200 661
2787 795192 1505
1659 961054 1263
2288 181115 567
999 439280 411
4074 991940 329
4904 282223 1768
2853 865090 1599
4662 688203 616
877 832297 943
3999 841761 399
4628 910233 702
1865 295350 915
1815 396302 2405
818 870204 592
876 666550 549
3928 604665 686
3989 456159 1428
2412 884927 1805
4772 66078 268
920 622120 1474
6 487884 1303
311 533094 209
3418 191794 883
3701 884099 1958
4379 238061 1018
3185 520238 2234
3304 973700 2278
2220 75350 1785
4860 124463 2080
875 930069 1487
3359 461981 1573
2359 516323 1728
4870 149766 1227
3754 466369 2434
2741 721143 1883
1905 523603 1709
3202 926694 383
4281 880384 2371
3810 325398 1183
1525 870973 2065
2133 162300 2053
3610 216648 1492
2320 271787 255
849 442786 1982
4189 729199 1246
3983 446372 992
4119 758801 1400
2238 252140 964
2331 270414 2478
2726 151027 1386
1582 475720 1144
1364 152816 905
1000 55786 2070
1917 225736 1470
1471 861223 1745
4373 824276 1050
1773 1321 1956
1558 885169 1997
2729 427156 64
1845 93603 1940
295 791534 1339
378 285388 1949
2166 666843 76
4671 549265 1505
4001 332908 2411
1603 84772 244
4328 93157 1928
3158 845899 1996
4366 818786 522
77 178736 271
4589 688847 559
1336 477792 1918
1916 936583 1289
4647 607441 68
3640 379754 1192
4484 66739 625
1237 694693 1867
3892 709081 600
1768 850228 2278
2303 603457 1006
2676 614883 1145
4840 248009 345
3129 407853 1799
982 437236 1161
3541 772213 2482
3788 952934 348
1112 367810 1425
4379 611853 1284
1555 136872 1314
2448 333232 1717
3382 340622 2110
3356 723635 1732
779 383747 31
1854 501642 331
1285 241839 1264
4736 270174 1590
567 405443 524
3696 114618 294
4911 51516 754
4171 748727 475
2526 737565 1169
105 387175 1774
318 152081 2355
2311 403147 1668
3824 982214 1731
2481 158355 819
1466 326281 800
2810 210329 2404
4968 544182 846
4081 630072 1800
571 543763 582
3250 457826 18
2883 343956 172
3437 502903 2462
1656 714718 1025
2885 8286 1271
2905 142321 1494
4069 802610 214
925 674390 1108
4709 466324 1558
4752 98931 2159
1701 71043 490
874 161216 1014
4225 349082 941
4867 666623 1981
3329 849853 2482
1093 352301 1717
102 727587 1
305 504436 2042
1929 636394 1640
1083 758863 1576
413 709327 1707
224 283645 1766
4102 410543 277
2585 462347 1144
1674 408723 1500
1881 440838 1940
997 770232 336
1670 598196 270
4762 706141 84
3916 625080 2173
200 168942 2159
3617 524170 106
2391 640232 1610
1826 615205 1074
2693 832115 2349
2664 441149 228
1465 71864 467
2379 657263 847
1353 775266 743
1586 367484 1396
2496 629693 227
1531 860937 145
2686 943285 975
2192 93563 2212
2979 740346 2315
4169 12247 820
3619 859133 1990
2403 52194 1813
3656 391914 602
1298 945406 1108
2237 880099 877
3174 68606 1127
1671 72948 2104
671 973025 460
3533 649289 2488
459 658709 1112
1110 261414 1885
1787 594127 1154
4498 161013 934
785 655985 1104
2798 330128 58
981 302410 2093
2860 413752 623
2797 710986 1729
4599 539085 33
2188 917936 2249
2638 518851 324
172 837245 634
188 899901 1067
4349 292808 2161
1249 142676 28
195 593080 1662
1724 777538 2060
3161 198015 98
1821 819010 704
1281 169840 1682
2396 725358 1366
1423 178700 1334
1097 115350 811
3602 968607 493
3950 537659 519
1812 615948 1175
1767 535778 1156
3676 737665 694
2024 259455 2341
3548 840749 1666
98 577053 49
2651 442288 1877
1784 415411 388
43 411673 2394
1350 844086 683
4216 957055 1876
3224 34870 909
4940 494717 2426
4429 197302 2461
1111 422739 1910
2987 897179 455
415 884887 729
2930 80756 1797
2818 755087 2300
5 798831 1058
4634 151038 902
1282 204849 825
3600 555048 1773
4293 91177 2183
2482 143574 688
4075 609637 2313
1838 796038 517
962 378420 1010
3517 798274 459
2387 395327 592
2090 952525 1508
2967 808796 2204
4576 261041 1301
290 694958 239
3191 23044 1826
4748 677340 2203
1766 901510 816
4338 115914 131
1478 267993 2071
4262 800980 329
2890 420940 1662
4633 196779 1857
143 533782 1474
1774 403112 1899
4449 483281 2306
2933 410478 2407
1527 134724 255
2109 848982 1490
832 429038 1576
1479 736456 1273
2681 722731 2166
4339 814131 1868
3509 143360 128
418 991631 2226
1537 259221 1030
2800 841694 1912
2478 825905 256
980 792044 783
1057 271541 2182
2363 601136 1308
1718 435632 2369
4581 122375 1513
2927 944140 96
2257 395587 1086
486 946931 1704
1881 685362 905
3217 521789 993
769 569 1777
3504 288380 273
1043 527525 806
3371 740357 1535
3335 772685 924
3410 146520 951
2136 305540 2341
4431 936142 2466
834 477259 2400
4974 565256 2328
4850 859370 1083
1467 517918 1741
1550 510810 1974
3481 350106 1759
1530 697198 210
407 236903 906
36 423827 1715
4744 45667 2240
2500 404298 2441
3141 892988 710
11 573222 1461
2463 589804 939
2790 753548 1705
2832 619132 1086
239 645367 2396
2522 440033 1153
3534 355966 1169
1878 787456 1469
1550 183130 327
901 842703 682
3287 443927 1176
1855 90953 1730
3446 853227 1345
3645 690694 106
888 74002 673
561 911857 1418
4646 327797 840
944 286432 1352
1158 820007 1868
2951 47638 1369
1928 703354 121
3056 426326 585
1216 825976 1148
1406 494896 1015
4369 928502 2029
171 964823 1373
4778 864559 243
1322 844625 1881
810 770058 71
4890 875225 2212
3615 884013 1955
4857 831117 88
2046 440501 925
1924 791872 1406
1825 925842 1918
759 665660 586
3336 645393 514
4259 695474 2472
4615 548022 2389
3953 514179 900
2794 613567 922
3550 722577 104
4763 486359 1961
44 591554 1699
395 821194 1048
216 141472 719
1921 963370 2318
197 816009 2357
4175 969987 1894
2007 183455 1917
1972 134638 1671
1515 120617 1048
1930 602955 2305
4193 143252 1142
809 696485 1730
310 23436 1702
2900 445184 679
901 200991 1102
1651 854512 467
1650 49789 2435
4707 758616 1014
560 917123 1750
3507 147081 114
1602 838983 2167
988 449149 907
3656 643857 417
2324 289130 833
4011 528864 84
3379 336173 2331
4891 354700 97
1056 871592 1980
4368 755797 94
4872 279074 902
3405 822188 1215
4013 683855 2307
3988 546716 2455
527 530840 1944
681 349090 529
2588 809740 1053
872 58237 334
1244 336538 282
2504 412416 2461
339 337595 2207
3913 894889 2417
2918 193093 2320
2887 287207 129
2428 492628 1204
699 559229 509
991 646734 2417
1994 77562 401
3312 461049 2347
3424 70639 457
1887 571831 2356
2530 494186 1898
3354 25215 405
1797 567730 890
3865 908531 221
3780 312556 947
4083 637631 2046
709 651897 1426
3397 674195 1264
495 188124 1488
694 296108 1169
2489 908314 976
158 30561 1133
4501 66116 433
2517 258138 1308
4174 148912 245
4846 35166 425
3278 924214 742
4107 711877 1744
4306 378353 828
2458 117278 1200
1960 467338 933
368 68051 282
1489 863158 477
2920 725992 615
2776 191904 1908
4060 858184 865
164 62288 2406
1760 18959 2422
77 770898 2350
3935 300706 189
2839 155311 2074
4655 114625 570
2399 797803 181
342 342825 1172
3295 152736 124
3368 164480 5
4739 580968 2195
525 411910 172
4204 735722 2023
2247 72947 1217
2991 407572 1624
4464 761251 242
1654 743574 745
549 566880 2420
4839 766406 1456
2525 94554 21
1690 402532 1548
732 100132 675
2483 720646 2090
1632 363702 1414
576 409957 542
3730 48526 372
2184 786202 1218
2877 279756 162
173 125794 622
705 529094 1962
667 521568 299
1379 278050 1269
4228 207081 611
3474 583266 1551
972 961526 2490
2342 829731 1504
4997 948027 264
4021 21714 1222
2774 27683 988
3711 831579 1729
2254 154883 1703
655 42802 248
1958 844017 534
458 199902 994
2016 230942 1719
720 531015 1307
2417 846867 270
3291 781598 2421
1522 255165 394
3693 419903 2485
1640 738267 1488
979 671385 2108
731 117759 27
3914 938924 2405
1480 293914 1100
1484 621301 986
3752 166292 468
2275 948653 711
3332 703980 989
3162 109442 1687
1409 512475 1290
3276 372510 1532
2095 644818 1350
1363 482323 2440
243 164226 2340
1315 725485 339
54 268580 1587
564 767378 1484
2643 88062 2385
3406 704795 212
4254 163769 944
3076 526292 1730
4389 444053 2253
2126 573657 1648
3138 288459 1227
3771 997307 1246
1772 584838 2199
1761 871535 554
3659 997120 1238
4318 534206 2121
2424 379226 2056
4019 106449 1044
2662 630741 1488
3389 895408 197
4917 846143 71
1043 55652 1416
3348 544682 522
4120 35699 1488
2487 235447 579
4503 571465 435
2425 743107 1701
129 111099 1224
2531 570856 2276
3138 695588 757
2838 713526 1930
473 760030 519
137 772187 96
1555 935940 1904
4045 161627 1682
2043 885737 703
4854 829231 10
2928 916219 1683
1005 928733 2108
2933 569353 62
688 187423 703
1329 20905 2417
2462 707601 2478
1560 746590 1695
4277 631668 398
30 846891 1123
4814 856522 1561
4250 640309 800
1050 766310 1999
1015 4929 2211
1705 63855 497
3378 314753 979
1261 997353 1025
3094 729702 593
936 574593 1725
3581 185487 1660
4229 662848 490
3552 514600 1574
3455 130171 324
429 954617 120
3693 953045 1462
3690 75898 2296
1880 469420 1896
2969 263127 510
523 397752 2226
2894 799242 1062
4622 285601 828
2269 987089 2464
2703 406902 1012
949 128169 2464
71 293902 2272
1648 763362 2243
1838 894114 1765
602 556180 1774
2083 504425 1764
1919 808658 1308
488 662959 968
1163 207020 1390
2189 834531 249
4584 633906 127
1689 319504 1698
4852 897751 1456
3052 370559 1048
2863 775368 1670
4984 185846 403
1243 931973 1986
3020 628209 102
1283 56259 1150
3791 639333 853
4613 422371 935
1727 817523 1130
1355 355442 1858
1047 765268 343
1670 197997 998
4214 124042 2218
525 149072 2049
3692 570019 1907
3948 683282 1000
514 806827 1364
3407 633599 586
309 168038 1099
1512 366805 956
4135 350569 743
3465 24077 1193
1305 212529 2363
1950 44675 2480
1065 592407 469
3520 474927 262
1003 489073 292
2966 243999 1440
1662 793009 1198
3831 450378 1262
1131 165045 2497
3035 14878 1195
4809 758026 812
2489 845610 2019
4501 367563 1609
4026 849188 1121
2738 993961 1734
532 20942 1718
867 731235 1065
3754 990318 1481
4011 719658 1091
2464 949399 1928
1807 122325 249
147 482417 534
2875 889042 47
861 68026 572
909 439593 2362
4537 102224 72
1209 958637 1137
3898 962207 1753
1266 199717 1279
2255 607490 1343
2570 179059 1094
866 116911 1448
1351 963691 1545
187 370526 2221
1263 677403 392
1815 408406 2058
1245 238847 140
4238 45863 2185
223 116078 1103
408 598615 1889
4432 260482 1933
1079 360553 1
4179 19778 2155
4457 629757 734
3080 258358 1731
3530 45809 1936
367 311921 557
1238 359251 647
2065 920373 1358
1903 2398 1407
4853 753039 62
3287 137884 901
530 932276 347
842 689814 576
3578 681465 1308
4350 941170 2048
597 549143 911
233 261820 494
98 392535 917
3763 106311 2246
3945 107449 1719
3676 36650 1736
171 424432 379
1215 916440 2127
2613 608966 1515
2271 84016 1737
3902 345065 1968
1306 120294 1309
627 844911 998
148 806568 1672
3821 61293 2398
3833 184937 2333
1617 810991 1679
1866 351687 261
4018 316124 2110
4956 659273 944
2845 30783 1762
4073 26607 1290
712 17118 913
3575 450847 994
4112 332806 956
3280 433469 420
3492 570672 1056
2415 685132 1271
2014 679256 583
2206 519038 1858
2820 357744 432
949 929265 756
4703 478307 1481
4842 465609 784
2619 352016 128
1666 637404 804
230 923487 1968
403 372078 236
1336 651222 2395
4091 957932 312
4322 400080 966
3041 591440 1882
3908 845463 1771
3116 448723 9
4864 571542 40
559 460892 1999
3957 166072 393
124 753741 286
1280 67903 1829
1226 264332 2011
990 76837 270
4115 628027 1671
1268 355033 1090
2307 943078 983
2956 521539 1066
2473 166992 2449
4987 770224 267
1494 955433 2328
1707 268559 869
926 966632 904
1862 953667 2112
2359 202107 233
881 296370 2358
1779 191084 934
4685 261988 1522
679 899538 211
4608 663669 472
1375 153490 105
2152 248371 1341
1652 546688 1131
3581 859833 2417
4840 835753 613
2795 154606 2340
848 70862 277
2357 283067 431
3182 30083 143
612 38086 757
2930 475445 1003
2795 911042 2431
4738 142984 2320
3151 904325 1050
4410 730516 61
1758 313116 42
1464 118014 2476
3498 977919 1096
1902 426748 2372
3255 1750 749
1973 953536 269
2768 294054 1783
2873 756549 2368
27 433355 413
2569 578447 349
3801 327370 1274
3135 976262 738
63 571810 1205
530 626589 1191
4189 762811 1219
3523 694030 775
4382 652870 883
3116 77040 2321
1663 519649 337
3459 713574 1035
2605 779453 2156
3430 576426 669
2819 957093 762
939 102268 99
3083 531934 892
4989 573958 288
2807 1220 186
33 674450 1866
3852 210438 613
4083 725674 389
4627 632605 942
1083 507009 343
3027 973021 807
