4855
3816
3748
4831
3694
9335
2688
3205
4507
195
2930
362
4763
2081
4266
4134
4679
1606
4642
4353
3494
646
1909
4189
2430
2884
1712
1963
2575
16370
1220
2842
1169
3164
3629
4231
943
3555
1749
1084
3499
1082
3236
3958
3432
1005
4589
3263
33852
3330
4020
14773
4267
399
3640
4777
2035
3108
1497
1934
3111
1920
1864
1757
3262
1444
2934
2181
3192
3045
56093
2956
3440
4576
4164
2102
4251
2388
3702
4403
4855
3174
820
864
2960
782
2941
4417
1745
2815
3590
2895
3326
3015
5000
583
2637
2850
1079
301
1045
490
3153
1028
2685
2586
3996
1428
286
668
1401
1276
2137
1509
3247
3299
660
298
2968
2446
2046
721
3708
4064
1916
2617
2091
682
856
3737
1083
2981
3634
3327
4926
4031
3748
1707
973
2464
1680
3951
3591
3089
1925
4193
518
1744
4929
3618
898
3584
881
2001
527
4640
2647
1020
2399
1920
1172
4116
4876
877
3737
2896
2397
1760
1166
749
830
3431
1835
2695
348
4682
2969
1284
138
1979
3122
2325
1366
4712
2542
2578
4419
309
3841
1395
3220
4133
2909
4391
860
1966
3065
4382
3118
3671
3518
4125
1468
3940
4835
2801
181
597
3952
4673
1552
3183
3873
3912
850
4523
3308
4632
465
3845
1246
1592
3102
2762
4378
1763
9366
718
1738
2386
1212
1127
2842
3690
1055
1467
1213
2107
3044
3045
4770
4703
3365
4857
3305
2215
4662
2325
1950
894
921
270
5065
3129
2483
441
2856
1786
4297
655
4091
2268
1295
3785
1867
2162
4113
3687
2974
1678
3310
4643
1056
2787
1142
2034
1686
8635
4882
4448
4556
2474
3495
1072
1754
3991
716
1791
4761
3067
3909
2683
3961
4038
2710
2803
4381
3176
4776
4214
1362
1276
2862
3594
1383
3180
4546
1147
3256
3074
531
639
2896
855
4168
3161
2214
308
1520
4495
1549
1606
4054
868
2489
4520
2096
1434
2165
622
2447
638
395
790
2682
279
4605
1404
1218
4585
533
359
2309
2919
2148
4398
1774
2510
2702
423
2932
571
59
1597
1934
4707
1107
3396
4182
2236
4034
1453
3989
4827
4661
3266
3462
1735
3905
3987
3260
807
541
2816
2522
3127
2701
3515
1436
4115
261
2675
3453
4286
709
1154
4340
421
3272
2696
3187
1104
908
695
4110
2294
3592
1440
4819
3268
681
2672
1240
3831
1319
1266
4983
702
1646
3327
2077
990
3474
4252
4016
1935
817
3843
4130
950
4502
2295
723
2822
1472
2284
1762
2247
1103
3697
3205
915
348
4000
2601
3044
4213
19198
1319
1551
4338
2121
2964
901
3351
545
4754
4610
4532
1744
4600
4734
1222
3307
35
3809
3117
3838
4261
4262
1228
2352
898
4919
3836
2079
4148
9299
512845
1147
4908
2552
3784
728
1016
4004
3469
2821
397
2238
3105
3273
241
5013
3360
1294
1273
3487
1586
109
2971
3726
234
4623
2697
4447
2225
1229
3827
3084
601
4356
970
3756
4419
1810
360
2572
3325
3021
1335
2998
4152
3167
528
832
3352
4963
3131
3361
1496
3884
2463
849
2844
316
1052
929
3328
1535
2874
43586
2619
998
1927
5426
1633
2863
867
607
3817
2991
3378
4969
2187
3937
1457
4470
3260
571
2476
355
30066
1311
2114
705
890
2223
4508
1733
1649
1626
3214
1723
2269
1102
1740
4935
949
591
124
4549
2133
4056
1238
1775
3851
582
3096
4048
3722
2275
4724
2319
4339
1548
3303
4886
766
1146
441
3887
3515
407
2444
3171
542
2811
1748
2994
1559
952
1616
3747
1232
951
921
4052
1296
1073
3016
846
38352
898
1781
3058
339
1023
3971
4243
1965
669
2216
3968
3907
2952
2670
4326
1913
1285
1572
1273
419
914
4545
1725
4542
3920
4124
1640
4207
751
396
9386
2557
3764
495
565
4078
4398
4795
3026
3133
2057
4745
4891
506
4895
1765
4323
3635
10608
421
4890
2701
740
1659
3852
3073
1090
2877
2360
2315
3979
3994
2624
972
5158
453
2034
2896
822
536
700
349
1789
12517
654
553
16041
1195
1193
2363
8859
2521
4753
2210
2153
2628
595
3861
3983
4679
1748
4575
4873
3328
1686
4342
1258
3792
3818
316
838
4318
24631
1565
3036
4632
2837
3568
3910
4974
816
4893
3032
4890
1031
3680
4977
3090
4748
2266
3176
1957
2835
1683
2459
3523
4372
2369
1808
3930
7809
1180
560
1251
4837
4609
2081
2441
15179
1981
4963
2495
2356
1963
3588
4028
3671
2945
4635
3664
539
1231
4324
3331
4058
3025
647
509
1144
3943
3323
2083
4951
4620
3647
4623
443
4375
2544
1686
3075
740
2845
252
944
2165
449
1716
3747
1699
2480
3770
3871
4466
973
590
354
4981
3080
4514
2019
3096
2427
1557
3881
2791
4123
1068
509
2911
1089
13951
205
2334
893
4399
3893
1602
4114
4021
1599
549
385
4215
3888
10180
1007
1287
2588
2255
563
3304
879
4771
285
1000
230
1108
1819
2788
1304
3339
4389
4768
2457
2231
91087
4559
1960
3466
645
2632
4244
1047
2332
2599
1240
1460
3086
455
618
4861
2087
4393
683
4697
4508
4335
4130
11728
1350
1160
2038
3763
1575
1071
4843
2347
2730
393
322180
2745
1037
1181
801
1456
3889
3074
1107
4206
2443
554
1356
1285
1028
3458
387
2462
2400
5111
1824
1925
11899
587
1805
6061
3251
3464
799
4353
836
7997
4388
999
4703
2325
1571
3733
3843
4472
3776
1978
2131
2643
1075
4639
2193
1214
2428
4111
1425
4081
3215
4418
1468
541
3855
1247
4318
4068
2101
4293
3409
2544
2381
21635
2505
3416
1366
3850
1169
3771
4359
1841
1439
3266
1646
4352
4186
2491
448
414
992
2525
1399
974
4342
3606
2406
2201
3056
4473
2060
2989
4959
3272
2085
2081
2269
3909
4542
3732
3791
4167
4003
4155
4251
3567
447
3516
3477
2598
1690
616
2922
4271
3367
478
938
3231
2400
3564
2979
4310
4665
2266
1451
3682
4140
2879
373
2041
1910
2806
4879
3818
3311
1342
4135
1137
2653
4744
589
671
2409
2202
3726
2402
1797
2519
4466
4461
763
4101
4081
2119
2713
4061
125
1914
4792
505
640
2481
3579
1953
115938
4237
368
2862
3303
1325
3379
1478
4709
2367
2944
2769
1147
6080
719
830
3963
1230
4414
2622
1089
4835
1861
2151
4398
3953
3149
233
2351
1776
1342
3150
2273
737
4361
1876
2283
4133
391
3457
4454
1049
662
1699
4592
302
4462
5291
4236
2376
2524
585
3009
2504
1838
4463
2800
2488
1659
475
4852
4375
1295
4403
4673
2784
36637
2701
527
761
1943
2086
12638
269
2808
3070
2127
213544
1062
1961
3512
3327
919
2685
436
1145
396
1564
626
4201
2111
1626
385
2399
2207
17988
2760
4450
4392
15706
1168
866
820
386
4777
8993
218
4383
3635
1139
1385
2341
1606
3761
247
2190
4300
2832
2373
1282
1571
2827
2637
993
2786
1504
4567
2304
2317
905
3677
3524
3502
4600
2472
2978
3536
1082
283
2573
3440
16075
610
1440
4987
1047
3744
1285
2047
3458
331
25220
5645
1787
382
1937
2277
1857
2548
2796
2329
3991
3791
4601
4159
93
419
1829
901
1586
3760
202
3183
2265
1283
2363
1762
729
11004
1570
1953
801
3979
853
130
3396
245
2068
2992
644
476
14982
2330
2627
4971
1246
3335
3486
4886
3249
436
1698
2932
193
2929
492
1180
865
3314
4982
561
3912
2243
3974
1153
1752
3056
1443
1617
472
890
1134
1654
396
3259
2936
3977
1546
1895
2707
2846
4714
3338
829
805206
4522
8164
4168
4082
3987
3722
3657
4059
6326
1539
825
601
4966
2805
4076
3709
22602
1378
2026
8933
4679
4648
953
2858
1698
547
704
2143
1727
532
2189
4342
2751
2065
3231
4722
3358
9559
3390
3653
4218
675
631
900
3125
4690
294
4372
1595
4789
6899
902
3196
2984
3245
1828
593
1554
1283
1724
1257
5126
2941
3712
4968
16011
3605
4729
4374
664
2799
4304
579
201
5237
771
2843
625
3346
1892
2037
3825
2037
1880
4023
3658
2916
2732
2131
1011
1945
3081
19639
3799
1035
4264
535
2972
3568
1315
4822
988
4271
3403
1929
6198
3590
4525
3770
1094
4929
2183
2917
4775
3337
2238
3583
1109
4817
3981
896
2732
4578
4025
4251
151
548
2111
1442
2241
311
4505
1673
347
2986
4505
416
594
960
982
3557
2530
5455
3062
9294
4221
4975
1501
1493
880
2283
2998
1802
3960
3099
859
2408
4271
553
2104
2599
4428
3332
3935
463
253
1164
6297
3905
2733
1148
2859
846
3977
4057
7559
2582
4076
1317
4864
1493
572
1580
3326
3965
1339
5984
808
3741
603
325
1885
3408
2336
2825
2051
2729
1315
463
3279
3762
2016
3734
1924
880
1221
1369
889
1200
2008
2512
2879
1948
903
585
4627
3778
3352
3978
576
3865
2050
3678
3183
4102
1658
1382
4332
489
509
1959
966
2981
4834
3990
1941
1535
3511
1246
2359
1859
4769
4300
667
1918
3664
3741
3879
3703
3632
2452
2727
3505
4889
3094
3330
4146
4484
1757
1085
4865
2553
1435
4692
387
3838
3977
863
3232
3205
4247
4512
3261
1831
3174
4132
2551
3732
1967
1989
657
3136
4578
4755
3974
3600
1707
2799
931
2484
4042
2905
3082
1506
582
2870
1383
770
3476
1925
2249
3881
1070
1033
702
4728
3211
2989
3096
1742
1019
4564
4265
2739
3738
4233
2771
3616
395
4104
2760
2094
2005
6287
3142
1118
196
1542
5565
4510
1069
4837
1007
4994
869
1138
2747
1919
13428
4668
1131
950
3550
4407
4123
1816
1171
1933
1363
2697
3333
343
2468
2987
1501
1537
4364
1890
2538
3699
2710
3950
5678
1485
2120
2402
1849
2131
14620
3287
571
7429
2649
3627
649
3056
3304
3702
9458
272
959
5543
3673
1584
4181
4143
835
2338
1871
4660
1411
849
2262
3248
4798
4969
1825
2871
1079
4528
700
3798
4061
2453
4371
3883
2039
269
3280
494
4764
1981
4244
4138
2767
203
3818
2279
4820
982
266
2254
878
4576
2153
4832
4017
3754
1090
4779
4310
4116
2688
3285
3113
2925
3574
5641
12235
3451
3087
1609
2335
1588
1201
2517
529
1926
3094
4603
1633
1106
3375
2888
2462
4532
4842
3308
3012
1674
3452
2145
3542
3105
4751
1214
2077
6079
3164
3945
762
6856
4902
3688
2018
877
2824
5924
4750
1320
1394
2399
652
861
7358
3781
3848
392
2964
1299
1627
1098
3357
4848
2736
3300
1918
2003
2997
542
586
1280
2144
2196
523
4782
2682
4612
4931
5688
1169
2816
3070
48648
4118
188
15931
1822
2511
1052
3963
657
594
698
3491
1466
2069
4827
704
2336
1699
1458
3206
1090
467
2520
3717
2644
4743
4839
3233
4603
584
2231
2827
1666
2605
2445
4602
2055
3082
410
3153
2608
2407
3173
4407
4797
4663
1263
3991
1370
4393
2066
1824
2352
1840
4188
1037
673
1214
4774
4845
2294
976
2614
2283
4536
1622
2705
2793
3393
2741
2483
2462
3118
4087
12974
1552
1099
1018
2142
3356
3026
920
3626
3199
406
4938
370
3726
1179
4763
2709
187
839
3847
1108
1017
1638
1885
478
3908
3974
2433
2262
3266
412
3623
4355
948
2758
4260
4145
1186
1665
3146
1904
2571
4128
2855
2570
709
482
2303
3548
2448
1822
1187
578
1052
1327
3292
4257
3074
776
581
2472
4965
1779
1168
3489
4028
3046
1548
2807
821
3741
2942
1090
1064
330
2639
3823
3329
759
2910
2161
35304
1166
872
3829
167
606
3649
4968
1237
4405
326
4560
850
3215
3298
1586
4051
997
2061
354
2070
7370
2739
2805
4714
4730
3967
3552
1279
1492
4642
1626
1940
496
3315
3927
3430
2064
685
4913
3713
2644
1230
2922
1867
1767
3328
687
2714
1671
3051
4085
4261
3389
4437
2666
4324
388722
3596
927
829
4135
4200
4713
1737
3481
516
1413
4456
983
596
4407
4501
2747
1777
168
839
2060
1860
1131
3320
3050
2875
3207
4471
1635
2949
1766
2410
3098
7102
2143
2298
5394
4099
2789
1549
3209
2856
2337
2928
865
1951
3799
2152
4384
2320
4691
603431
4489
2454
1502
2025
2909
4502
2431
4785
2157
4065
3790
3003
1109
969
2388
1107
1650
3941
4153
898
774
585
1279
2227
3478
1471
2028
3096
1979
2247
2779
1908
1089
3522
1153
3196
1648
2554
1077
2229
607
1272
713
1366
4162
3975
4025
2380
3375
2438
449
4640
2875
3535
2746
4985
1690
3582
2579
4052
3697
2052
1593
2683
4351
2709
4568
3848
2029
3889
3476
4761
446
4169
2741
4595
7487
2734
2811
2360
2008
3445
575
4223
1332
4400
3324
8872
6445
4792
4411
4514
40497
9972
263
1634
4639
4477
686
4690
4333
3655
3751
2668
1316
4234
2627
1848
3038
3009
3580
4918
163
1615
3920
4153
4729
3565
4820
2660
908
4961
4994
1804
4377
1586
3937
4406
1138
4411
4742
3413
3583
2378
2107
4804
1975
4505
4125
1507
4931
2493
11207
803
1410
5741
1750
4810
2672
4391
4704
3453
2487
3675
428
1679
2681
4887
2553
4830
1937
1132
4020
2852
4763
2215
4120
371
4288
1726
5642
3267
1133
2591
5481
4441
20192
2640
4778
2809
340
286
3985
3627
4915
550
2769
4247
3066
3225
4237
1414
3924
2217
5767
4512
3990
443
2723
7165
4267
811
1181
2145
4741
2258
4030
3285
106
3222
3439
1588
4162
1233
2116
4013
3119
651
4122
4004
2784
887
1891
356
4943
4084
4010
634
632
1673
34241
4901
368
2268
4918
793
219
4793
2943
332
133
2481
2912
4052
2919
892
1446
823
70599
1587
4161
2025
665
1931
2690
679
2951
3498
3559
3930
4931
3322
3411
4865
3164
384
13743
3978
4059
3424
773
4079
2979
4287
3439
1273
3510
4841
11519
2377
388
3752
7690
454
1575
10841
2846
3252
4336
372
3172
2515
817
3435
2300
1066
4805
300
1830
2394
2567
1147
4194
2605
2013
772
1316
1616
4323
1714
3967
648
1578
3695
1543
609
6244
1241
2351
4862
4173
403
5670
4236
2168
981
3429
1536
2778
4790
4821
2578
2146
3626
1817
18504
1989
1445
2569
1542
2820
4497
4368
2539
4187
2319
2604
284
2025
7226
3930
4984
2547
2008
4878
3082
4314
3745
2217
2705
4442
765
2898
3523
3926
3988
3393
599
4552
4313
3800
594
2922
4267
4747
5087
1265
4592
479
4552
2234
2698
1009
189
4759
1823
2149
4632
21736
4838
873
1909
4571
1853
4489
2246
3958
1917
3730
3507
2135
985
2861
3227
358
4406
4364
4133
3684
4829
4950
3917
6830
963
4921
17977
725
620
4831
754
174
3749
536
54
1738
1680
2384
2129
7834
2784
2484
4978
4752
3009
2635
3135
2454
1480
178
708
1384
2816
2199
83
581
3681
2006
2727
3106
4334
2135
3902
1389
4324
2309
3183
2605
8015
4914
3699
2689
721
1840
3808
2009
304
4049
385
1607
329
438
2272
6311
4055
1796
855
808
2292
4957
3440
1322
486
3134
1957
2295
3033
3077
1958
1065
2222
1689
2281
720
1823
2394
1516
649
2972
1837
478
4331
3445
4199
4508
1412
1681
1794
2573
1429
150
975
2329
346
1007
2894
3838
2159
1822
2448
767
3839
4918
874
714
4476
4728
4464
2051
3971
1415
1539
501
4908
1738
3304
3014
492
2983
4605
1213
3637
3691
2419
2794
6313
3415
1878
3075
2139
2746
692
4024
369
2478
2014
2680
1578
615
3788
2853
2672
2052
4038
464
4736
3709
4267
1888
4506
2496
4010
2826
2222
3099
1764
4285
4635
4408
2958
3604
2773
4959
296
3216
1839
4834
2063
3105
3972
2800
3936
2342
4819
2880
90
2155
3375
2145
3385
4960
2472
832
827
3789
3670
665
3854
2126
3575
4445
2701
910
1239
551
2896
4749
3276
4449
1409
1675
2931
2848
4486
1669
3802
491
4502
162519
1810
4815
5171
2412
3947
1983
1797
1153
3932
4633
2626
1120
745
1271
2761
2168
3962
5827
1300
2120
3680
2059
3771
4860
4163
3492
2596
4332
1826
2877
1870
4015
2466
3842
3766
2436
924
3097
2001
32209
3557
853
4944
1396
3870
2998
1235
2271
2305
719
458
4244
3759
1187
395
521
4341
1114
1768
1574
4178
4787
2875
4916
1484
5684
2757
2532
243
2991
826
2237
1244
4410
3700
4942
1335
3196
1213
3050
3737
852
4987
1545
2393
3002
1147
4158
4633
173
2482
563
4115
4218
4342
1447
2214
2723
1714
1870
2474
2745
2274
4711
1555
1009
1640
3857
3591
3515
3825
2427
1011
4284
3924
2854
2125
1198
440
2745
519
2337
568
4699
1451
15078
3869
22517
24914
2617
4090
3800
795
2210
3428
2073
3006
4007
476
1208
3417
1876
4051
1351
211
1716
4549
1079
2501
4909
1305
1592
3195
2813
2720
2540
1079
1147
4624
3457
4359
4741
4251
2481
1076
2106
1934
1635
3586
1703
4346
3245
4523
4900
4981
1553
8870
3687
1733
4276
6474
3360
1341
3854
12843
1212
591
4692
4456
1011
2180
4028
201
2204
3921
22208
4631
2465
3220
3402
4567
4756
4901
770
3231
808
1279
2005
1459
3737
1012
4406
170
3826
3248
2829
3548
4734
3681
4175
1663
1026
4701
2723
1993
2401
3757
1457
201
4751
892
1842
4226
2114
838
4176
4755
3395
3085
4056
4918
584
3637
476
933
3987
36198
1937
1471
2498
3468
848
908
1888
2837
2137
1981
4830
3744
3373
3556
3911
1818
689
3832
1166
2735
3510
4611
2684
1711
4552
4011
4312
5213
1827
3241
2100
2535
2114
4205
1139
3781
13867
2612
2655
4841
4026
1003
763
1562
603
3808
1827
3028
2143
3012
3532
2596
3322
1397
4524
2610
4765
4553
920
2955
425
1989
2013
237
3942
3220
2296
1320
3279
908
257
3711
1865
2406
4222
1930
1049
596
1818
3688
2813
4911
1586
835
1756
3680
4055
425
4218
3031
2355
3502
3180
4980
4258
1461
3830
1111
3965
881
2747
4068
2497
4017
474
2321
4750
2196
990
1008
8433
17611
3318
4199
1405
3619
3898
4354
2411
1085
1250
4626
2933
2685
4685
1744
2911
1771
2801
245
1145
2603
1043
3732
3963
496
1161
489
2625
1954
429
2713
29140
4914
370
203
1581
1077
4711
564
69
1802
1197
4100
3414
3767
4171
4354
3184
4210
4366
2616
4918
2916
946
4679
1844
3107
4062
4179
1293
3333
3619
3918
490
279
1625
3957
4026
4542
492
4795
979
4792
2239
209
2575
745
4493
3276
1299
6936
1755
1530
975
4526
4087
1780
3917
2487
1665
3666
3012
3059
2014
3175
2233
3721
548
1405
1598
1135
2564
2922
1087
1309
4349
3791
258
2539
457
4684
1509
2873
3015
4262
628
2737
3679
3281
3069
3939
2946
3494
3571
3910
1903
911
2860
525
4971
3648
2122
4908
3860
311
3338
936
480
1648
79
3054
4830
3054
1822
4965
2229
1980
965
239549
4750
2300
292
447
2533
1803
3479
5290
2435
4450
1571
230
605
3575
2266
4280
3002
3639
3634
317
1526
2427
1481
3813
1666
2201
1718
591
4480
3665
1550
4836
1621
2071
2272
1113
8915
3011
2906
4854
4980
4868
2628
340
903
742
76935
1487
2077
4301
4067
3339
4062
3340
1693
2012
2822
4861
2184
2273
3966
1599
3143
1742
979
4572
1850
4854
2761
4657
460
3512
3998
4610
924
2057
852
4899
666
3833
2303
1052
570
4756
163
1234
2224
4103
2223
2757
2721
4366
3511
1064
1915
3983
1518
2949
3987
4507
1771
2547
549
3824
3315
3011
626
4651
2557
3191
3218
4384
4554
4125
1480
932
3901
1044
2462
3032
47242
2740
552
1747
2376
1642
4364
3966
572
980
3728
2893
4833
1172
1828
1758
4688
1571
4380
2284
3805
1641
2971
4599
855
3295
1159
4687
1307
3019
2280
3659
1628
3191
710
3480
4639
2722
3312
2204
2611
4199
2762
3618
2784
4470
2402
3259
1071
2339
597
1793
328
822
2256
942
1154
1404
3493
2818
3259
4318
683
1379
2430
2947
2918
1354
576
738
4508
21037
89190
1406
4445
2702
4951
5154
1112
497
2541
1839
287
490
2979
3506
4946
2488
608
2826
2265
1681
3914
2850
4766
98208
3977
662
915
3473
1577
481
3627
462
4304
1656
3779
4744
235
437
328
2380
1392
2516
2836
348
2058
1111
2050
3270
1148
4848
1301
17995
940
2445
4285
1782
4609
1775
3517
1677
1745
4782
376
3643
4533
3150
929
1108
3590
4099
1705
3112
3738
1084
3047
2572
4083
2104
2784
2042
4616
457
1628
3112
4106
3923
4105
4686
4780
1262
304
3652
2497
475
2448
4267
2752
2431
1615
1023
680
26263
1338
3926
3483
712
853
4273
8036
1054
527
3748
3241
1910
2005
3128
2592
4402
24493
2672
3584
2487
534
4131
3851
3795
1079
442
2113
4998
3594
3929
1147
10871
1652
1250
3198
877
4383
1857
3081
2134
16992
1954
1655
1141
5083
1681
4570
4458
2764
9659
3091
2877
4584
601
2306
2011
2574
6054
3822
2230
3309
4144
1218
5468
3436
534
2479
1887
4826
2773
3918
3489
4296
3505
4763
5528
4103
2555
3429
1065
3908
1232
3054
2481
983
510
434
4956
4987
4166
2929
4765
2340
376
2971
2106
421
2239
4191
2356
272
4308
2948
3331
3485
4420
1460
1511
4856
3400
6089
2868
3936
3846
2151
2596
4870
1308
3235
6278
9174
3098
4234
4004
2279
4303
4592
3696
4657
4090
867
627
16290
3252
2290
3829
794
2970
1513
4334
487
2634
3684
1228
4789
472
3639
3107
3826
5025
995
1432
2367
622
3914
1896
18129
13375
646
4941
1084
2195
3907
1213
1434
2675
3526
4620
3848
3706
1370
4496
3134
1794
3372
3294
568
2803
2713
1971
2815
2927
1309
4188
3477
1739
3686
4332
612
1886
1677
3253
6197
673
2946
2172
11161
2862
3760
3171
3303
1198
2882
5398
2043
663
3258
2747
3479
3621
4620
3936
2236
4737
1874
3657
3405
4508
2475
4114
554
4499
1737
4697
2306
1667
3968
4265
4325
3441
2613
382
3283
1603
2823
4453
3090
2940
1903
3726
1225
1675
4015
3874
3352
1954
7122
1506
3339
2005
2505
944
2113
2060
1261
2700
2484
3292
1667
538
4697
2143
3409
3848
44433
2099
3462
3920
4883
4907
1538
1807
1229
1365
826
466
3376
1055
3008
1950
2654
1664
475
3200
2931
2583
1375
453
1158
2606
4393
1058
999
3363
1297
3118
478
4096
3107
451
4879
4173
1353
4561
2385
4405
4907
913
2265
1687
2614
3197
2172
1996
3026
665
3345
2454
3733
4880
3514
1973
2723
913
4085
2849
4734
2232
3736
1270
907
4578
1258
1375
2940
3768
1723
260
2673
1765
4921
5182
1038
1303
3250
3914
2571
4477
639
4050
552
802
2193
1868
3837
3560
509
2778
4300
2507
2330
3648
1132
1615
766
779
2049
2487
4040
938
2126
4075
3477
2451
3585
465
562
4348
2506
2019
2693
4650
1273
4865
3376
2851
1942
1629
2014
3307
214
387
2179
1277
3963
2032
1991
4731
4144
4515
810
1126
1778
4883
3437
4998
4252
1664
3694
2746
1744
4343
3910
2641
3339
4077
2886
4616
3871
2447
2819
1124
3821
667
3337
4211
4100
3720
483
1223
2392
7063
3379
4019
2062
2580
1871
127
946
3486
4199
4003
370
3413
552
1548
7290
3144
2449
512
2733
3004
2458
1425
2448
1543
4693
3803
612
1157
4322
1902
640
4844
2865
1597
4740
4419
13987
3694
12121
1032
304
2971
1108
4634
4544
4621
3161
3736
2864
3191
1544
4007
1447
763
899
1089
1941
4136
3623
4034
1508
2828
341
2809
4941
3421
3501
4397
402
2963
5128
1061
4635
2589
3500
128
3028
4211
3534
537
2042
2583
1327
789
1134
3075
1733
1437
1391
2643
4763
4607
750
1330
2507
2082
1306
1714
4293
2297
1659
1859
3944
325
4395
4672
2140
4135
1331
3341
2354
575
2075
293
2000
1216
416
620
2572
2877
4978
2792
1299
496
2315
2116
4341
4022
2991
1544
16397
4175
2226
4517
4596
2155
4052
3589
3152
703
2942
2392
3647
3797
1547
1281
874
4236
3419
4185
2011
1556
2861
1936
1385
1395
2928
2353
3073
1081
655
4112
5163
114623
4239
2735
3811
1129
2744
24070
2590
1622
3701
4995
2034
4218
2119
2840
2183
2776
492
1296
3084
3066
3013
89
3500
3691
1648
3964
3118
4829
2199
8513
5458
2408
3000
4838
1512
1045
1975
3616
3844
1111
2101
4093
2600
3217
4580
576
4244
1278
3055
683
3122
1039
1175
2580
4040
4563
227
1493
1458
1265
3961
970
503
4083
20772
2498
3192
4075
570
4597
4648
2860
2803
3796
3395
3077
1700
4399
4120
1139
3475
3427
3826
252
3505
4090
952
1996
606
778
1068
1786
1586
3042
679
3449
678
749
3101
2593
2079
4153
751
31271
419
1607
2218
813
1230
2669
3988
1207
3249
2577
2355
3541
3289
3120
4907
462
4614
507
11959
255
1814
4293
845
1447
4566
2795
2546
724
4954
928
3133
2259
3911
299
2548
4138
2644
1941
3610
4546
842
4133
3064
4523
4892
2438
3632
4919
3513
590
2655
2216
1751
4291
4927
3612
3963
3218
818
2896
420
1829
3015
4163
1861
2746
3951
1118
3831
3441
3704
2741
1338
3341
4867
3364
2339
1500
9079
4587
4623
2024
4225
2267
4942
2235
3852
398
622
1960
3822
3062
689
1631
19221
1298
3528
3620
3758
4964
3363
3825
1288
4322
3040
2213
2774
4683
1001
578
4193
2501
4467
4986
3056
3399
4614
3408
4290
468
4938
4562
3819
466
544
1919
3862
2413
4408
576
4697
4223
4271
3898
3425
4628
5455
3079
1268
3284
1621
3881
2660
3568
849
422
4979
4738
4613
4386
824
4538
3085
1971
2304
1698
1861
1605
1055
1517
1203
4921
3680
2459
2412
3818
822
511
1611
4290
3990
1082
4287
1332
3373
4792
1352
1650
1670
4376
4258
2066
907
11466
1097
2173
3513
1628
4970
4021
3167
717
2320
3959
4001
4101
4756
3022
3388
4686
4513
1382
1758
1368
792
1050
2076
1409
3630
4289
3900
1821
2945
3881
3265
1317
3410
545
427
2984
3147
366
2512
2523
4067
2552
2400
2849
2270
381
4974
4681
585
2128
1731
3721
3648
2635
1160
3910
2925
4127
3796
2226
1495
3412
3195
1575
4023
1328
3155
4079
3698
1318
4187
5868
3038
2078
1684
4986
2549
4419
3736
903
365
9362
1707
624
440
3799
3162
871
3950
3749
1582
3830
6775
1015
537
2883
2162
3737
897
3990
29932
1108
1276
3712
1514
1874
2965
3100
2441
4081
4973
1883
2204
1292
3872
1966
3925
2047
3923
697
3436
864
4138
1327
3983
4690
3415
565
1169
2347
1095
886
2595
629
4429
3072
2059
1591
2357
4816
1786
3652
4507
7494
1310
4441
879
2988
4395
2773
4528
3979
2918
3982
4051
1134
3115
1843
4108
26072
4564
569
1822
1589
2197
1757
2303
4350
3389
70510
6993
3004
3088
3572
2937
4724
1235
1783
2083
7005
4524
46
775
2339
2899
651
4322
1873
3951
3334
1670
2945
721
4108
3098
1008
3963
3805
2672
4795
755
1037
1487
4015
5788
4945
3297
3299
1852
4058
520
2179
4575
1637
3641
4879
394
775
2526
4731
208894
2023
2206
3942
1100
383
2865
1655
183
4043
2713
4699
2032
1670
1246
438
3433
3383
925
4699
4434
986
3527
1751
3647
4719
527
4962
3186
1549
4285
1614
2875
4274
2893
3534
4491
2346
445
955
820
651
2716
2006
2464
1352
3230
3152
707
1139
2437
1243
3953
941
1669
2366
2640
4170
2132
4205
4768
496
1376
3078
581
4342
1613
3518
3411
3494
2005
3486
4347
643
1692
1348
1599
2371
4912
2718
4395
4791
4045
338
3500
369
3872
3799
3091
694
2709
1575
3315
1249
5901
3579
3628
167
1267
4455
2661
3641
4897
3654
1416
4241
868
4219
4845
4687
3678
4467
4509
538
3954
1395
2665
1448
772
376
1251
3943
645
3270
4114
4888
4045
2524
3583
696
3020
1979
3581
4932
3910
2401
2944
2039
2531
3575
1969
6897
3879
4079
783
3679
4948
1084
837
288
4113
2781
2332
4497
1341
3716
3859
4711
1421
312
308
4864
2008
4606
1311
1088
1829
634
3837
1837
585
4167
2160
3509
4167
3358
3479
4982
1801
4239
3568
923
2641
2163
4333
1088
743
713
2338
1218
1690
4911
4295
3662
1066
2329
1015
1022
3228
6862
3676
3562
2264
373
3884
1130
3175
3321
1227
4543
3565
2044
4098
1257
933
2391
4385
3982
3957
3494
3813
1685
6188
3552
4381
4085
2489
4025
4168
390
4038
4932
1979
118
3954
3300
1457
1691
3249
2516
4216
3218
4261
360
1221
2594
4115
1315
390
3986
664
1714
2278
4672
4294
1853
3110
430
3325
1941
1674
4732
1638
4619
1832
2631
2839
1982
3740
1175
2840
4819
1903
1446
2213
3896
1671
2605
231
1739
3181
2173
532
1976
1623
3222
72
1402
4422
3614
1132
1831
1643
21290
2309
2150
635
4077
866
2362
2432
2572
1688
3059
838
12270
3285
3855
4521
600
3526
6197
3123
3217
4626
3926
1374
4772
1192
3422
2542
3524
3016
2370
917
887
4354
2745
987
1578
3321
2455
2740
277
1146
4214
3828
522
3004
1010
975
3169
4455
4921
535
2122
2880
4128
852
1846
750
196913
771
3735
4012
3565
3575
4197
1990
1991
545
2445
1341
604
10586
3788
2991
4038
2964
1771
3650
4593
4716
4459
2723
2061
858
3771
2272
1754
402
6913
2529
197
1298
4616
1561
864
2038
4298
403
3495
1623
9465
3142
541
1592
3542
3291
1887
2731
4192
4541
272
2805
4268
963
1853
815
4374
3786
1658
3442
3149
3093
2110
1741
1101
1246
2603
2092
2070
2872
3144
1112
3587
4669
3244
2926
612
1054
3731
1434
3654
485
2015
1104
956
1861
3597
1067
4433
849
1386
4421
84
4384
2126
271
11323
582
400
4385
4826
735
1618
3907
4271
4882
1839
1325
1471
4706
1171
1513
4749
345
879
2121
3499
2604
813
3007
4831
3383
3288
3696
2111
4589
273
2944
3125
4592
4354
350
579
4055
3196
3160
2807
1263
551
941
4179
3096
2245
4711
16954
2136
2788
4268
52
205
3839
2479
552
1240
4081
3099
4631
1738
896
2449
1816
1990
1966
2216
2091
4642
3596
2325
3658
4136
3780
364
1831
1623
4999
4027
4388
1464
1291
1657
2356
1508
4242
1513
4693
2150
2910
4022
4879
4102
3483
2250
810
3848
892
1989
1192
938
873
291
4590
2666
2850
2346
4317
1637
17108
2736
4868
2800
4171
3155
3758
1397
2556
3058
1008
465
481
4543
1736
989
2504
1486
1182
2706
1980
3153
126
2541
4429
3796
4330
2515
4828
737
3917
1785
839
3959
3474
4306
3461
297
1793
3717
4551
3185
4737
548
2899
3857
4858
11758
457
4121
2930
4955
238
2559
4060
4425
1543
4676
3105
2791
1538
956
1736
2463
3475
3428
3045
4103
559
3488
4019
3256
998
679
1492
4079
968
4444
4724
3858
3756
472
2851
1431
3415
3185
799
4660
4909
550
2925
3010
3587
2688
499
3066
2930
2044
7312
3146
2520
2959
4813
2066
3702
4425
3919
2696
889
1883
2508
4178
2646
1793
1238
708
2600
1980
1084
8580
694
1514
3021
4427
3505
2225
674
3716
2819
149
926
4652
1998
2113
3882
4052
1996
3403
3902
2522
2856
1874
4692
2169
3990
2794
2985
2768
2579
1674
4047
1032
1049
1947
452
282
2099
1897
4309
4086
4973
3096
3675
1404
10426
756
1700
3746
1013
268
390
551
1634
9583
572
654
3652
3583
1113
1475
3897
1912
2082
130
1675
3944
3151
2148
351
3885
2324
9009
1285
3616
4688
408
2850
3636
1946
1717
1402
9295
1486
3131
1895
870
928
4920
1343
1453
1229
2390
968
2655
4557
2525
4019
74
1964
3467
4532
3593
62023
2110
6375
6216
1087
4584
4449
513
2987
2601
176
4194
2076
4424
2739
4484
3432
3134
3401
2958
4024
1665
2310
4240
3250
1523
4277
6855
1426
1656
4581
414
1070
1361
2723
3218
3742
1300
3077
2177
8163
565
3978
1054
1249
2429
1593
1363
3792
4373
4653
602
4580
39949
4962
2115
1685
3563
3881
3489
4865
1444
3183
2114
2082
593
2521
2044
2627
2741
562
2392
4830
3877
4969
640
1539
4461
4781
4344
1026
1354
3774
2078
233
1254
2444
2094
702
884
1710
586
4604
57
676
661
2595
1750
4076
2875
3356
4101
2009
4269
3980
1577
3098
2864
12903
4712
2490
689
3097
2345
4586
2440
2970
2455
3296
1762
2637
4523
2625
2864
3074
4922
2079
2480
3920
4687
4564
2011
4248
4052
273
3565
1201
931
3987
578
3971
1724
418
4197
4648
3012
1205
2570
339
1462
4648
4647
468
3631
1845
4012
3382
895
4410
2442
3331
2439
3914
3035
2607
151
1370
2161
4981
4023
2063
308
1047
1833
2695
97
562
4182
3931
848
3837
1808
4800
2734
2494
3487
1471
1359
4359
2867
3926
3880
1884
1879
3764
14097
834
4564
733
2643
3638
2121
1065
1908
614
2718
1664
2089
3090
3697
5827
1212
4050
3747
4461
3128
403
3477
4667
2432
3161
3648
4397
2836
4449
4238
3280
1195
4421
1530
2867
3044
2853
2215
3525
28000
4345
8326
972
890
7824
1355
3255
1598
4492
3661
128
3446
1380
3223
285
1463
4879
4836
418
647
2087
3268
936
3140
3046
4018
1695
491
3227
1299
680
20865
2344
1370
2050
210
919
1901
4755
3726
2840
3617
1991
927
4213
2673
4362
478
3136
2836
3713
718
3580
3449
2250
3874
3263
3688
19110
2705
1519
4982
3547
276
3472
543
3755
1409
3239
797
3750
1963
1219
3029
3847
4682
4804
3761
3256
2187
925
3854
2474
4268
1384
4080
4703
1563
3103
4185
4080
16261
1147
3331
4347
3305
4695
5483
4354
3475
4209
3095
449
4309
1837
4994
2344
3328
2627
3722
1614
1023
2703
2095
1796
3387
3206
318
24497
1602
4701
1094
4984
766
994
4553
1438
4310
3852
3167
4304
4775
4062
1736
2258
2138
4865
4035
2836
4339
3192
538
6079
2593
1233
3850
4508
1182
1364
1660
1074
140
3300
3259
1236
4654
3096
2788
2536
991
4942
554
840
2588
3845
114063
2814
3932
3727
1646
1122
655
441
1950
794
1667
429
1515
2798
784
4404
3109
1115
4715
4318
3742
9835
4845
4899
319
3105
3347
3147
2194
2790
1658
3236
677
708
4191
1641
4496
2691
2799
4667
1943
1885
2633
4918
3259
4959
3593
3223
4151
4774
3694
216
1255
3775
627
4235
1478
4428
1922
4086
3394
2292
2066
3064
2328
4223
394
548
3018
1705
4308
1382
3140
15765
1319
1991
3581
1303
3418
978
104
1279
1517
3291
4223
3943
4933
239
3421
926
3517
4097
4198
3429
546
4646
4348
355
2488
2023
1815
554
3475
3938
2161
4762
1282
948
3026
4539
2736
1889
1605
4790
3623
2421
1833
2049
3424
4845
1426
4106
1621
1240
2502
3030
813
1529
727
1984
3067
783
3761
3830
1819
2424
2736
881
1486
2536
1345
3047
97
7968
308
1349
1558
2615
2504
4475
1469
304
3253
3555
1316
1650
470
3971
381
2658
6354
2609
459
3812
1700
3741
1497
4056
2051
551
80
715
10435
1150
631
582
2832
1620
3438
2313
1886
3809
2095
877
1802
369
4451
4948
3036
951
413
2548
1783
4439
345
4383
4193
4837
1026
812
3739
823
2783
2982
405
4033
4354
562
4194
3462
4647
2651
1743
2658
3032
3736
56927
2986
4281
1956
4879
2576
950
2987
913
4962
1051
3086
1164
1642
1430
4389
1087
89
4666
995
3385
3130
400
3524
975
376
526
4083
391
3368
736
1475
753
1316
711
4882
1949
526
2365
4714
1356
2110
3030
4916
2215
4152
1809
2078
1250
1008
3868
4403
9880
2653
2326
3425
4228
4594
624
4435
4684
1961
2039
1914
15764
4850
3844
49470
2804
5599
2614
9628
4513
906
1860
4551
1682
114
539
3663
4213
3893
2262
740
1317
2379
5139
1654
4930
3725
2849
628
710
796
2561
1981
4828
2379
2202
4768
1037
2414
3600
4570
4815
1185
1584
33045
4303
816
3302
3513
2145
3524
446
447
3985
4224
2404
1107
3736
2518
3217
4631
4525
2400
26409
725
3836
2551
3862
3401
3591
10473
11023
4135
2529
4521
3775
3087
671
4332
1978
1540
76
429
4915
767
1619
4203
2941
417
3553
678
4275
1540
405
3647
961
695
4038
4667
701
4925
4238
808
1385
909
308
3342
3533
1925
801
1795
550
2430
1817
640
2806
2281
2863
1358
559
3921
4995
2998
4545
1958
2730
4404
645
3378
2871
317
2859
3062
1684
445
3356
2760
1712
4422
4793
2689
896
568
526
4762
3931
3996
2375
6379
557
32094
2572
1153
4063
4122
3996
1802
1545
4242
4382
3952
4757
3510
4099
4181
4936
2173
8982
4753
2086
2451
1471
1540
443
4024
1606
2042
1433
2702
1596
1283
3145
3977
2309
2911
4081
220
4679
4868
4105
2958
2041
3155
2617
4286
2146
436
3652
2198
2615
234
3859
4485
3398
2967
4397
485
4051
2662
4408
3438
2373
7470
1003
1239
379
278
3971
4267
2234
821
2482
1914
3280
3584
4589
4306
4477
3152
3695
435
2235
3602
1406
790
3761
3491
2401
55938
469
1861
4869
1829
2111
227
4949
3386
3738
9849
3555
349
950
15079
3071
1057
1730
2018
361
1127
4877
649
2494
3660
1976
4814
261
2276
1630
1044
3691
2213
3631
627
2511
55969
588
2261
3172
2879
2037
336
3297
3713
3132
194
3053
2704
2675
4823
1085
4063
2865
1898
4290
1598
883
1088
2060
4506
4882
3241
1353
4980
2444
4184
2557
1511
4933
241
4793
305
2720
4033
4660
4312
1636
9957
926
996
1200
3923
418
3875
408
3663
950
4988
3954
4328
897
2282
4194
3227
2871
907
3004
2952
3196
3746
4519
1084
4744
1890
453
4083
4072
384
4502
995
1771
9608
1515
4131
2276
4853
2626
5696
604
1449
2132
2993
2603
4193
2879
4665
4872
3548
3724
479
329
2340
1032
1434
1180
1446
796008
3638
2745
4557
3246
475
1071
1440
408
4906
287
3574
3056
1099
20738
365
1866
4744
1214
3869
1117
3044
4696
1309
3210
2229
4415
1014
3135
969
1428
616
3704
1268
3713
4640
4718
1663
3197
4898
1000
3683
2100
2128
3444
3850
1338
3448
3733
745
1566
4441
402
3804
967
4384
7807
2349
4663
444
3573
3038
2194
4378
3355
898
3253
2614
1741
473
4335
4613
3473
807
3424
3790
2139
536
4869
4680
504
4009
2850
4127
4003
266
2945
2802
4565
2401
2624
3045
2715
2633
1436
426
4811
1586
1538
105100
928
2662
490
650
376
1249
4479
1471
2237
2479
1630
4874
4629
3392
1542
3962
2766
1603
2769
1397
2017
4275
4092
2191
4469
4808
1516
5806
1789
1777
2803
1800
1949
3045
4272
2567
4012
4469
4050
3741
2812
4773
3849
4061
2794
2022
2401
3884
36842
1759
3977
622
4868
1823
1071
3373
1058
3952
3256
1182
3838
1428
1955
3197
2685
2895
1062
2960
1970
2876
6260
4997
4001
683
3446
2154
1377
2621
1207
3262
4386
1911
3836
1664
1985
1099
4509
4310
2801
532
1609
2398
480
3909
2769
1375
3329
1552
4521
4084
4712
3766
1642
2929
2477
2171
2819
4085
1862
3549
4508
3829
1131
2171
1241
1700
1883
4036
1206
467
4743
4540
4477
2152
1984
2464
1566
3956
2165
3964
705
4235
5920
2470
1812
3019
545
1369
620
386
1074
6751
4190
4766
690
4784
565
4040
346
3879
3473
4426
3537
2661
2474
1515
2167
3199
2690
1990
3141
2549
1923
695
1764
4780
2424
4963
428
3237
850
1076
4658
2948
11650
4089
440
4585
4587
3483
2073
630
1226
3850
1087
943
915
615
3731
1478
426
11419
1841
3293
3301
4614
1711
3828
3795
3881
1860
4304
336
38055
1190
2745
2194
2098
4860
3587
3614
3470
979
787
872
3139
953
3541
1503
1086
2180
2688
3240
4050
3482
2032
1490
1488
1340
334
2479
1610
4507
1707
4242
3170
1220
4828
1682
1688
6482
172
3772
1770
630
3899
786
1031
2714
249
3077
3696
2654
6174
4976
3420
4176
756
3912
5202
757
3636
4758
1407
1305
4420
1227
3896
2664
1592
3345
1924
4465
1391
4308
4642
1945
2950
3659
2538
3086
503
4903
1305
3710
1634
3155
2748
2625
2207
1960
2398
2497
4175
3715
4442
2601
2311
3699
4158
3801
1994
4724
1811
4880
2387
222
3727
2930
3995
4660
432
4679
3598
4286
3272
3167
4256
1136
528
2608
2581
1828
2582
3918
521
20488
4304
2506
678
2626
1436
1704
2768
4499
1273
1251
3308
1419
4518
3857
4335
4705
3916
3783
4089
3165
2897
4285
2954
4283
4636
1667
297
1256
1474
1696
1849
3492
494
4531
3640
4997
2267
2760
619
428
2440
107
2936
1730
4268
554
1925
1554
3293
3771
4247
3518
2529
3614
2393
4250
1414
1885
2205
3758
1822
530
2158
208
1232
4797
497
3042
2687
1298
4710
2715
2337
3233
3207
683
2808
4572
4257
2499
4662
3691
4943
2948
3126
258
4864
311
4099
1830
1259
1068
988
3435
4062
5000
743
1689
3544
2906
3352
2931
2016
2060
3630
259
154
2162
3059
3887
4496
201
2826
875
4614
4549
2586
1949
1988
1430
1435
749
1585
918
1126
1398
2822
4828
482
760
2318
3799
4998
1377
3895
620
4259
966
1826
2571
171
4240
1321
2761
1845
2144
2503
1106
603
4406
4455
2742
3022
2941
3464
1508
377
3397
2663
3816
1268
4316
2129
1415
4574
4697
197822
2944
3033
25887
3721
4867
3756
3034
2354
4860
331
4028
27581
4023
616
3614
2119
2009
3565
4142
968
2041
1379
4708
1107
1979
2072
2497
4759
727
1988
608
3222
420
1337
332
3232
1828
3005
3535
4236
7966
888
3729
2871
4306
4257
2324
3129
285
2672
1514
3067
4811
1629
3435
3504
2325
1476
2956
3217
3730
3822
1852
2102
3752
3597
2975
1036
1437
1559
310
1862
3730
2764
4706
1068
4218
2102
641
3701
3456
2463
4673
2679
1360
2447
2855
2982
4939
4378
1453
1949
1915
3566
9503
1489
3572
638
2393
1158
3088
159049
3156
2492
3511
4923
1561
2148
3081
2187
347
3607
429
2600
4549
1869
1453
4210
1953
3102
2847
2901
1410
2961
3142
799
25296
4090
8569
3129
1900
4881
31670
1975
1369
4450
3288
4316
4716
3969
1098
1324
4218
524
2827
34485
4655
2187
2643
1186
745
725
1912
508
3163
1613
3203
4501
4488
1787
2608
2830
1689
2701
4317
1315
1932
133
3861
2647
747
2298
7271
1809
4401
1977
4752
1593
887
5873
4289
898
3421
587
3872
4834
1462
1863
2092
2570
819
4686
877
4251
1329
1192
2478
644
3107
405
2079
651
4959
1643
2483
1422
3033
3505
2923
1703
4270
3338
2856
4107
2962
2688
4465
686
2553
972
4350
4030
2518
3012
2544
448
3655
97183
3048
1562
1012
4785
3702
2742
2057
1842
1768
2971
3686
2539
3003
1812
4313
3279
73
1374
1910
870
288
4988
2951
2952
927
3831
267
1874
1080
11708
2938
802
1829
1117
2755
2261
2958
31938
1672
3621
528
5001
2409
778
5391
4388
3419
3422
4344
1878
546
3979
1525
3782
2304
2235
3465
788
3537
3512
1731
3267
3115
4696
3459
4658
8231
2682
281
4500
2335
3805
3378
1743
1070
306
2017
3956
4819
3566
522
4684
1655
2434
2101
2523
4036
2841
4415
2342
3877
2882
3923
14634
3171
4004
2365
1394
4323
1928
3120
4187
4757
7356
1366
3303
4726
3934
1990
3595
1491
2249
729
3001
2453
3704
3656
4571
706
3403
3729
5779
3376
1981
3888
4515
4137
3768
3418
2449
30593
4377
4166
891
773
1484
1438
3407
3470
3949
1342
3052
2270
2368
1419
2168
1579
2614
3495
1486
1387
1030
465
3273
4335
1737
596
2536
4644
2987
2771
4874
3180
949
1816
1477
29717
2028
3834
1288
3550
4780
2558
4538
1561
1381
2998
4089
4115
880
2612
411
1086
3963
1684
1586
1556
4389
2733
2572
2175
1557
2413
4045
3863
1973
4236
3707
3924
2354
840
3620
4217
3812
4991
4672
4109
49851
2984
2730
845
4039
4874
2927
4418
3472
3217
1631
547
3073
1750
2701
2492
1806
2000
4662
1215
1953
1123
4141
4139
3850
3796
3212
1256
2227
3803
911
4477
266
360
2878
3182
19019
350
2275
1539
1138
1391
3613
1530
3307
1996
720
4612
1831
4084
913
1805
944
3345
3457
1841
1678
3877
2387
2172
2210
1142
2520
3578
3069
1505
4375
1866
2463
606
2026
46380
4402
4549
17887
806
3763
2177
276
4710
975
1787
2792
2591
3780
1740
4873
3465
1739
10077
2992
1518
1056
4413
1937
1049
4768
402
4418
2633
3808
1812
312
6404
4992
829
3980
3270
2867
782
2014
3501
2516
3999
2526
1433
2255
4523
4191
2276
4254
1205
5548
2273
4383
1732
3010
3821
2243
353
2023
748
1876
162
606
564
907
2215
2152
1725
3416
1199
2157
3081
649
2310
1725
4686
1757
1745
2278
797
134
300
426
635
2937
334
1768
2317
303
2403
4436
210
2091
3552
4559
3145
1577
3585
4409
3523
1898
4922
416
2867
4672
4955
2542
1619
1507
4587
1824
3836
4727
1302
4461
4986
2814
1599
3610
3443
4749
4060
1107
2393
2082
567
3825
1545
2372
4527
4330
3676
3011
2431
4811
4026
3245
1692
10956
589
1745
1120
4343
4251
19079
2644
3860
3992
3107
3664
2679
1807
2675
1982
3775
1932
3408
2691
3665
4408
15054
4592
959
3281
4837
356
4216
1683
4872
2175
2257
1313
3635
3977
4591
4205
3436
3240
3125
1916
4001
5732
2625
1675
3613
2673
597
3616
17366
3432
934
6807
2662
4978
1685
4489
1027
1371
4271
3116
711
3909
4123
3291
510
1988
2140
1601
3352
4444
3302
1148
2337
2537
640
2364
4354
4299
4539
4377
4909
2219
2349
1178
4628
4149
789
2151
4602
4413
3124
692
711
2830
2250
4277
3629
664
1769
4918
1327
2032
1436
1821
122
1686
1820
4792
2257
4785
3933
1649
4448
1513
1455
471
4366
4372
1345
589
4737
4140
4716
2972
2444
3148
4966
1694
3167
2071
432
3771
4877
1833
900
708
3338
3676
1481
3227
3871
822
1668
2538
3289
4856
3049
3036
4853
1333
1922
2219
2017
1250
4246
129
55622
2111
1231
3835
4504
2986
2138
1019
865
771
984
2858
3614
2816
4050
3512
766
2155
4603
4574
2410
1959
1921
4624
5784
3603
4074
2015
632
2098
3929
599
3226
3566
1421
476
1524
3164
2829
4730
801
2713
4215
4187
412
1295
4476
3637
3672
657
2745
4632
2205
2168
3501
370
1060
4328
1225
406
4303
4623
2280
4400
1349
1881
2489
2815
4073
4239
2576
4955
4855
3976
1430
119
1593
2086
1216
871
730
797
2368
2056
3314
2723
4029
1108
4154
3596
671
425
3276
320
1929
4651
4218
2862
962
348
2598
5249
3242
645
2511
2923
1639
3344
2549
2525
113
365
931
3359
2643
1047
4833
4195
711
3593
984
4959
3438
3474
8186
474
875
1435
353
2143
3208
2943
3983
2675
1166
3539
1420
4228
291
3457
3192
17224
3835
4209
1191
4939
4690
2852
4029
4054
879
3365
3266
581
1495
2454
2224
2679
4232
2038
573
1962
2314
4694
710
2172
1755
2927
3073
176
2995
4609
1704
3411
1147
2252
4520
673
4060
641
1691
3020
4006
757
403
330
4910
1319
3393
3116
763
3862
1274
2292
4822
9772
4552
1862
1650
3759
1421
3794
886
4678
1822
3067
4212
4305
3637
1549
6707
3161
4904
195
3559
1691
3942
778
4375
4281
2948
2480
283
2588
1410
2465
2861
5953
694
362
3214
3688
4513
4351
566
1734
4126
916
4902
2955
3269
1041
1670
3722
1164
939
4557
426
1186
26887
4077
849
3888
2317
3550
3629
1670
4872
3629
1882
4307
4337
3745
3483
2198
2570
2774
1051
416
975
3399
499
818
5728
4033
4981
4003
4768
1209
1649
1035
2299
2775
390
4078
4944
3470
5537
4058
4957
1536
2263
530
4905
1799
5400
695
1718
1168
4704
2251
4060
4385
3500
213
4252
2791
9878
3343
2595
1019
3766
1850
4115
412
3166
1576
2141
