504
4255
1801
4739
487
2122
1966
2592
2484
2551
2218
4200
839
2599
460
1300
4324
5268
4686
4502
4137
3277
1125
550
1562
488
4497
3159
1185
4451
987
2720
396
4648
1007
4808
4130
4178
3536
1926
3066
1046
1549
1194
4617
4091
635
1564
4368
4247
3202
2429
476
2416
4913
3555
4151
4821
602
4800
3903
3091
3372
4783
558
4930
3091
2805
431
1538
2397
488
3189
387
1119
2625
1244
626
3385
2313
3109
1555
2151
3054
2730
3650
3496
547
1814
4501
4709
4903
1376
1655
4262
1157
2105
4745
1785
1224
1257
1775
4249
2251
570
2551
2351
2599
1670
2446
3451
4048
3258
3920
97
281
4343
1286
4474
1848
2661
692
2331
960
4700
4127
873
1362
1659
516
3472
4344
1619
2735
4598
4273
519
3178
4542
3211
1405
797
2359
1736
3866
3218
3530
2272
3028
2830
4453
3320
158
3221
4773
3436
2413
3236
3327
1770
3279
4902
2454
2249
3345
3158
1116
2618
2701
2738
4971
7642
2869
1148
2062
3689
1879
3600
4875
547
1458
3016
2594
821
4430
4000
663
4082
1160
1286
1173
3080
2716
2869
4347
2577
959
1500
1687
3373
3368
8727
578
1437
1148
7442
2277
2767
3471
20095
2408
87
4126
1161
3592
3300
2221
2625
3728
4563
3874
3370
4629
1742
1347
3543
4360
2377
4492
4591
3454
34357
3801
4274
2905
3148
125
1353
3569
2504
1866
3295
2339
2276
1587
4196
2234
1567
1674
733
583
2601
3869
1389
3793
2779
1419
1274
2487
1740
3755
2698
2249
75
3340
2466
4626
2437
4448
1108
2053
2402
1017
457
1091
3394
1477
1016
4011
3421
1159
1902
4048
1604
2748
3472
2347
2511
4930
1514
1891
3628
2587
104654
1151
2416
2672
1641
961
4050
2050
1156
1583
1398
4602
1565
1208
204
4450
1657
1212
2450
3987
6133
3978
756
2628
3714
2587
3025
1103
1128
2829
3161
4932
2571
2573
426
4149
1368
1060
3353
1292
919
3140
4276
787
384
921
4164
658
4308
2352
4512
477
3588
4374
4591
3162
3320
537
1130
1412
1033
3268
2652
4088
1720
3423
1870
4908
4717
898
451
3618
988
1522
231
2236
1836
7797
4376
4321
4265
588
4560
383
2150
3410
3890
1896
138
2754
3985
3224
1703
1819
2255
3554
4635
3163
4449
1189
1968
2426
2806
4764
2758
1815
2986
3019
3050
2229
3573
3975
3873
1551
3579
1790
2753
1830
1156
3657
121
803
4886
2935
3964
582
1714
343
4061
2987
2533
4566
4390
3688
4714
4079
2053
1789
3618
1793
2184
1119
3702
11320
1595
1372
4092
3101
4368
3496
826
4077
423
1928
4974
1662
3517
3707
4425
3339
3387
2544
1527
1853
1423
1063
4118
3199
3706
4966
2997
1834
4422
2688
1027
1091
4588
1190
1584
2744
2743
620
524
27158
3358
3890
1445
4402
826
675
1599
3983
3186
664
871
1136
4745
4153
4917
1177
1968
12642
15710
1778
294
2985
2797
1094
4244
3306
1329
1643
3841
4806
1581
4005
1170
321
446
9216
4607
3840
879
2072
4704
4688
2908
399
2264
1021
1347
3503
4557
4332
3722
3664
2268
236
1619
3138
658
387
2879
6778
3576
4078
3542
4212
1447
3165
4711
1546
4473
4700
3951
4346
2064
841
2444
4549
2946
1669
3133
3325
294
826
1608
3008
4571
3329
786
7214
1696
4316
729
552
4788
4309
4481
1759
807
4162
3918
4529
297
1633
839
4509
3886
4497
3901
2792
4279
1468
3028
4683
2675
4475
2075
2423
4587
1335
903
4661
1005
4898
1479
3739
3168
1342
2880
2473
3323
23193
4883
2214
2708
1762
1465
4550
4074
1037
2060
2342
616
2945
7270
4451
2590
4617
4196
4393
3492
3363
4093
3359
2100
2374
3436
2206
743
1518
3966
1049
4879
6464
3658
155
4112
2765
921
2252
1680
965
11588
3848
3491
4552
4550
557
3820
147
3532
4314
2690
827
3653
1060
17779
1866
4178
2968
4414
4545
3475
3247
2345
3638
4631
3185
7843
14196
1302
4387
9823
2928
5394
3895
2873
742
3720
3005
3024
1226
7592
3550
3106
859
1379
2606
389
4130
3885
3091
4125
4389
4226
1177
1143
2536
2330
1538
3886
2520
1533
2284
978
1956
2685
51436
2386
2294
1516
3002
2029
2156
3209
1913
2426
1203
1167
1592
1298
3465
3339
2233
5738
348
1299
3593
1403
768
4764
70485
675
2733
4003
847
2035
409
2451
3142
1202
2816
613
74
3087
525
2859
2051
1491
1355
3374
3843
4804
4774
27740
2941
1910
3061
1826
3066
2886
2041
3997
1327
416
1907
978
3197
1103
918
2024
4185
3269
3350
2636
4987
2579
4844
1436
2372
1911
4547
4029
1173
2660
4118
532
615
3210
2281
4660
2919
1380
3459
1724
2904
3429
627
2405
1581
2392
5649
2450
604
4907
4599
1442
1922
2490
239
4785
2580
469
2970
11738
2763
1178
4169
3355
3266
2332
1969
2357
265
4204
454
1972
2897
2654
1487
260
2849
1162
4892
4710
3640
1373
664
37107
5561
4971
237
545
3404
1779
1313
1054
2937
2519
3745
2576
2899
2965
597
4547
3859
5385
273
4418
3307
4929
2481
1860
1977
4257
1277
4915
4221
3249
4527
1996
3112
3582
2167
3069
925
2229
602
2073
1083
467
4739
692
3111
2142
4003
3542
3048
4147
2613
4338
417
3116
3116
1283
907
3769
1840
4475
3865
7289
839
3851
4556
1807
4190
2288
3357
4307
4148
4327
719
4923
2237
705
2876
2924
4620
4583
2440
694
2960
265
472
1476
3154
2625
1691
2238
4674
4279
4612
4932
3811
2794
530
53821
3328
2525
3719
1559
20558
3709
1780
3082
491
4372
4188
3458
854
895
842
915
4427
4241
1112
2275
2069
328
4183
3853
3761
4137
3349
1477
4932
2506
1304
1300
2430
2040
3551
3809
2730
789
6273
4683
4760
837
4553
4670
2040
1150
4034
4431
663
1251
3902
781
300
2235
2298
750
2445
2722
2429
5346
2104
1799
4290
4257
2100
522
4370
1234
2403
667
4250
4393
1266
4141
4018
5915
785
890
4404
2144
614
646
4453
584
606
4815
4450
2896
2374
317
4939
1125
4667
2429
3427
2592
913
1651
1842
2649
492
1760
3094
3136
521
1335
4859
363
1336
3938
1128
1051
2308
3595
1932
994
1545
2071
3713
1657
1527
3927
2164
3794
3776
2290
3785
2365
1210
2823
782
4283
25961
1220
4560
3034
1668
3547
844
4178
4510
2010
4854
4851
4293
1100
588
3763
3263
1621
4044
4953
1698
4304
1058
1855
3734
768
1745
1478
4054
5570
2566
2854
3166
1850
10495
1335
2416
2135
2229
2891
2006
2511
380
3399
2216
2159
3196
1400
4345
4906
4631
4534
4456
2204
1048
489
3366
2340
285
3651
22151
4297
4668
1123
1779
3459
1865
728
4809
1353
2899
8719
2453
3867
4065
1779
2148
2155
4855
2654
363
4711
3273
635
1048
3963
4956
2129
3832
426
4209
4612
4459
7120
3281
2719
2607
413
3274
1034
756
3188
4691
4083
1524
1907
2247
1150
4349
1452
2889
4871
4330
3521
590
2500
1103
4926
2933
3264
2466
2871
1438
4031
273
1779
3400
777
276
401
4158
339
2508
4923
1500
4862
4713
2205
3824
3908
582
4169
4219
1348
3741
3601
4252
5526
4746
2614
4325
3669
9243
285
3492
3231
3746
1316
2779
4896
544
4818
2890
519
4870
3712
1534
1232
4077
2327
1745
2606
2206
2919
2646
4094
3518
4859
4482
4846
2163
2391
4560
490
759
4607
271
3723
1905
1297
622
3865
42702
4470
4653
2400
4558
482
1426
3976
1742
1932
1175
580
3280
1917
3314
1246
2304
2435
1378
2230
1346
4838
4406
4421
4442
4482
2051
4339
717
3423
4544
1133
1854
2463
2580
4408
4660
2241
3750
1504
4018
19088
2980
2526
918
48567
4108
3495
3363
2584
3820
4030
1933
1794
2361
1272
3966
3951
4948
60378
4267
2595
1037
1470
2686
3515
2184
2471
3487
1235
3530
1668
560589
4716
3006
4175
2900
2683
16934
1155
4215
205
252
3452
4380
2831
4487
3084
3132
3557
1980
4931
2696
1907
1755
4603
4259
123
2576
3732
1627
1969
3607
13782
102
793
3119
2440
3179
4828
1851
4054
2908
2511
1093
1381
3109
3440
4255
1337
2008
791
3505
1964
943
386
2214
3007
1935
3889
1158
4620
590
1420
3587
1373
1545
863
4813
3602
3363
3604
4146
4006
4567
1860
322
3826
3500
735
3188
3333
3618
1903
2399
1626
607
1943
2340
5544
3844
1163
1054
1561
406
2671
3383
3085
1710
3484
4630
2439
2419
3253
2112
2156
278
2969
4782
1579
1693
7927
1818
4744
9172
206
9227
1222
3640
4286
1425
3031
2083
661
3618
4564
575
1438
4779
4314
665
1556
4875
3654
592
4705
1285
1692
2348
1118
1750
2666
3338
2035
4596
1481
4087
1791
1532
311
2214
3348
2519
4389
2867
459
3865
3811
569
1618
2321
1943
4604
787
3404
1234
3052
4971
1467
3077
1835
4316
4192
1352
4636
286
4201
2740
6970
3722
4774
2500
1015
1408
803
518
390
4664
1887
245
4700
409
1457
1921
1990
3863
2425
3859
4350
1734
2147
790
4526
3175
2859
402
2109
3959
4537
3655
2606
4837
737
2782
3152
2742
1187
1078
4827
508
387
6853
3324
2166
2095
4481
839
4968
1022
4156
2468
52
2446
4895
2659
1620
1975
516
4649
311
712
3404
875
2285
34427
414
768
797
309050
3457
1589
1186
626
1941
586
2370
4469
2996
1633
4846
2609
2745
1593
2521
4860
3759
3862
2815
1817
1756
1282
2324
4509
1930
2233
2769
1916
4186
433
5322
2579
3597
415
1895
18830
4508
4968
4733
430
4596
697
4630
917
2056
514
1575
2480
3879
2232
694
3157
283
4287
1274
4309
973
2917
3815
4513
1417
2795
3980
2584
1177
3705
4343
1417
972
2117
4960
2133
1409
3667
1539
1170
2330
1618
2183
4031
2160
3150
3202
7433
1474
3787
2895
4410
2295
3407
391
2689
1801
5660
1739
3296
3943
3497
4493
4994
3824
392
3145
1343
3646
660
3296
4916
1253
1930
1480
4460
1187
1068
722
4257
881
2825
467
103624
3083
706
2699
4106
5475
4996
4990
3745
4083
1714
4805
3472
2374
1276
4362
416
7409
3917
1293
4115
3111
4633
4283
351
4477
261
4139
2481
702
360
1536
2309
3747
635
1453
1326
3631
4362
3408
234
4881
2228
3670
1751
1646
437
3630
991
466
1805
4068
1848
3667
1203
2052
1307
812
3290
4931
1690
707
1173
1830
3995
753
4744
517
1305
357
3697
4092
2412
1078
688
2228
1949
1139
1844
1244
2097
246
3866
2504
19559
370
4717
2859
6405
9964
3979
992
3863
387
177
1055
2080
2120
602
4526
599
2902
3679
2890
3305
4416
747
5192
1850
4956
1018
4589
2562
4622
187
885
701
2670
6815
3875
1580
2618
643
1420
4164
21436
3886
138
2375
101073
2261
1681
127
3962
2686
4216
4102
4056
3087
674
1757
3643
976
3807
2878
3922
4612
4490
4343
1085
4912
2527
3239
2766
3462
251
3889
1046
3488
588
4762
1637
2220
4575
713
6561
2272
4362
4791
4587
4963
2492
2653
360
4607
844
3012
818
3795
1875
39442
1457
4362
1683
2260
3701
668
2467
3146
388
4232
3578
2256
11507
4533
4107
4548
3374
1363
1590
3569
3860
2594
4651
1222
3806
585
2411
2032
2464
4380
12410
825
2361
4155
870
703
1035
3904
1174
2151
4161
2730
4401
1123
2035
2563
2241
1269
1648
2787
1787
3765
305
803
2876
2690
5474
3381
1407
1486
3554
656
3228
3675
3978
894
1579
1107
4578
3596
7623
1012
2431
4494
3807
2521
2213
2858
1824
1486
1517
3780
4014
694
4892
2299
2570
1157
1433
2214
2681
2770
4447
2558
1969
1018
538
457
4920
2183
690
3814
177
2212
1484
3974
4326
1366
2818
593
3575
2774
1533
2143
2433
1736
3664
1437
1691
2794
1917
649
1998
2394
2885
2740
2012
1465
3484
3266
4032
1346
4739
4285
329
585
2704
853
1684
433
4235
3331
3503
1711
2257
638
1812
3436
1180
1533
3981
3068
885
1803
3326
3951
1128
820
4737
3190
18390
2801
3296
4811
12553
1303
113
3362
490
1243
11640
4966
4218
1501
4585
3498
3801
1282
1228
3357
2813
2206
1483
4365
3458
3617
3361
1556
4067
2471
4202
754
4530
3618
761
2862
4915
3741
4162
3718
2234
2886
3635
4709
3780
1852
3431
3472
997
342
2041
2837
1869
3212
1981
4637
1543
3938
2549
4010
2190
391
3557
3716
4224
4991
6288
3256
4328
325
3838
1885
615
13785
3909
331
4667
1297
3232
4251
3855
983
1698
5424
727
3734
2192
9301
3020
860
4690
3483
801
4801
1792
861
821
578
76488
3295
3016
202
2916
1513
4961
4566
3037
3262
1312
2483
695
852
3364
3814
2208
1933
1471
124
12
3197
1645
1527
3797
1267
4322
1604
3045
1833
2805
1265
6124
387
4219
1665
3693
3364
4689
3825
3488
4103
3007
679
4586
2098
4785
2150
3377
7134
2587
4036
4313
1275
1886
3918
1911
4569
4846
265
2833
3014
1756
674700
3210
3693
853
184
12217
990
1914
940
2596
15082
2705
3550
1940
3395
1609
4238
1011
1928
3526
2216
2590
8343
1829
818
2314
541
2173
2605
236
4323
3488
2805
4931
473
371
8983
971
720
13260
1921
4784
2098
360
4241
4802
4083
2076
275
2107
4216
2287
1478
3092
3042
1721
3014
1586
4304
2890
3467
2712
4271
1211
3552
4385
3017
1604
5000
4262
4678
1099
3069
1832
4632
1348
2721
4338
553
1323
2648
1396
1392
622
2702
4160
2447
4616
1374
3884
4648
2491
4952
4065
1807
2048
3256
7891
2391
3014
4583
57864
4231
3956
1360
1452
3740
7119
1183
992
3282
2293
1735
2059
2262
4065
427
797
1759
391
1016
4160
3278
3052
633
1680
1542
2709
774
1000
761
2359
1292
4324
4287
3458
72305
4686
542
3646
4172
3629
4077
3898
3754
1354
4740
4925
4665
1632
905
2269
4978
4444
810
1696
3186
3035
1621
4819
3954
2935
4673
6422
1029
120
2598
772
475
2670
672
4567
1132
1654
1768
2714
1474
3120
1041
1367
3986
8193
1792
447
3076
12831
3695
3172
2695
379
492
5327
179
4149
1405
4347
242
325
2302
2215
1903
2235
4330
1857
14631
1543
2692
4824
3155
2220
1715
2543
4485
2235
2158
4597
3747
7851
4241
2958
3203
633
4425
3824
1692
731
6685
542
4170
1623
2959
1130
4988
4836
4420
3226
2625
3022
2016
7728
3381
1672
1242
1553
4481
2667
2430
764
4256
757
1383
4810
3528
316
3023
813
4704
3759
2949
2549
4868
3790
3228
4544
3591
2973
3885
1596
4815
3599
3146
3126
3979
1108
1291
1720
802
3424
1326
1545
2639
2472
4711
4349
3631
2158
3595
3925
4632
3814
3715
431
1059
2938
1940
933
2404
4418
3992
1348
4831
2857
3759
1063
4145
2736
2711
15141
4672
1749
2559
1158
4724
4687
2314
3946
1638
3883
503
811
4968
4689
2045
1710
3204
2755
1987
3860
1565
4748
4945
4803
508
3297
2896
1742
514
4411
1583
1629
3744
3037
4380
4266
4964
4553
1992
4886
4842
4113
1275
2374
3072
3861
627
2731
3088
1215
2694
67
1148
1955
2076
4870
2895
3488
4723
4855
1748
3799
1977
3571
1031
210
3415
3877
1943
3439
4033
3819
409
4223
4989
3375
3276
3393
271
7018
1515
2638
1632
1194
4705
11474
1076
2995
2307
371
1867
7197
3054
1880
3267
3646
1153
7315
1073
3410
1215
654
2022
2614
2766
4275
823
4220
1421
610
1356
3969
3231
765
3973
5262
4681
3551
1539
181
1755
1551
2741
650
869
1007
6641
4583
2123
941
4686
1852
732
4571
1215
415
4783
4118
3069
2343
1719
3730
305
3853
8612
111
4531
2987
1201
2011
4977
2353
2671
879
2191
1943
2861
2630
257
3402
4303
1295
7107
424
2294
2524
4728
1487
676
2316
2408
3043
2633
3815
4713
4707
2956
4371
1232
3549
2630
1917
3087
2800
3994
2173
1922
1803
2376
308
1964
922
4758
3271
20771
4671
4607
853
7954
2981
4416
3167
1875
1954
1268
2423
4431
3375
4041
1216
1463
3610
2408
753
4665
1429
322
1759
566
1467
95
4139
1259
3518
1794
2167
4174
2211
476
2025
4224
3877
16600
3096
1052
3489
1376
149
484
1780
3490
2844
738
2255
939
3432
472
852
3579
2121
1993
4141
3900
4759
4661
3633
2499
462
518
1315
2985
4832
2853
3214
3416
1896
3684
743
3044
3629
912
3558
2650
4035
3741
938
3306
1695
2951
4873
798
4950
3759
3833
2776
4958
2395
2051
3608
3386
1164
4447
4222
493
388
3530
691
546
4222
3444
3278
894
3956
782
2903
4983
2140
2209
589
1729
682
4709
1830
4220
21604
2326
4265
809
4330
1378
1511
4726
3329
1166
1786
3922
2046
931
2779
71
4505
4244
2493
101718
2278
4081
539
264
2670
2232
563
2315
155
1664
2635
4262
2822
2653
18247
775
2328
2569
7561
1597
4160
1138
4824
3078
7964
3239
189
2021
577
2745
1889
1596
2980
3115
253
2322
941
2787
1891
2704
1030
1355
3858
896
3289
1465
2296
1068
2738
4635
3820
3606
2473
3303
5812
4457
2029
1197
2237
2698
3572
587
4113
781
3078
933
3811
1400
992
3891
2512
2131
1583
2355
4877
1989
2426
3828
4036
2240
2626
406
4872
979
1970
4911
4578
4570
3318
942
2285
4962
2706
4308
3639
2477
1143
4906
3408
3618
4784
2899
4619
3097
2604
3944
2184
2515
4438
2452
3012
4422
1906
3592
4496
1839
924
1925
4678
957
887
3910
764
1789
4441
2358
2041
4049
1223
3197
1943
3071
2183
4941
496
1041
2904
4977
339
4914
2509
4740
3120
3054
3430
1785
4779
4078
1659
7545
2152
1259
251
971
1306
1031
4647
4635
1861
866
839
2575
2294
3226
1016
450
1657
1930
3327
73
690
366
5409
3242
17087
3771
1624
3318
3050
4505
2245
2469
4264
3138
3269
1845
2538
4506
1712
1987
2174
576
804
2335
663
1240
4113
3413
3979
3050
3981
2210
1799
2818
3820
2428
3059
3173
3969
2138
4957
369
1417
4814
2216
2808
3303
3512
567
1654
4868
1789
739
2094
2741
4049
3107
2795
2570
3667
4264
2709
3282
722
2778
2606
2041
2868
3292
3796
3222
4101
1828
2233
1617
2310
2647
3702
4864
3183
3994
3110
4725
4522
4695
2880
1971
2138
1084
829
2998
4463
3815
3661
882
1654
4739
2592
551
1302
4890
1343
2584
1387
2485
2880
4297
3972
3579
604
4569
2059
602
4134
734
1179
352
4103
1372
364
2144
3150
3140
4375
2458
3324
3011
2456
551
4872
2714
1439
4678
6784
2065
1048
4966
2957
4349
1554
524
2017
1652
454
3695
4882
3802
2237
3837
3808
2166
2634
2944
1248
4383
2031
4846
1179
4550
317
4104
2815
31
3025
4383
4367
3961
585
2439
4684
3146
2613
10622
768
19935
275
2752
3726
4976
3441
4641
4969
3234
848
2972
4819
1429
3397
2970
2652
4836
2872
560
842
4717
4392
4405
258
2325
2972
411
1633
6867
2247
1453
1987
1726
4236
1331
2575
3866
1971
452
2663
3686
4493
5299
682
3430
1489
1764
275
1149
3764
3754
3309
3597
4813
1902
2916
3088
2621
1312
4105
4034
2995
4892
3428
13055
2792
2647
1728
2574
140
1822
210
1824
1019
634
198
3150
1891
2055
13819
591552
1063
433
1889
3978
2442
1971
2464
3340
1685
4048
3389
4221
3951
3646
611
2373
4169
10920
2931
2575
1169
1034
2098
3223
4916
2788
2277
908
3491
4757
40718
6818
3248
4934
1762
1189
1822
531
1029
1219
1003
1540
3631
2256
4707
13626
1707
714
2352
841
4205
436
1921
3884
1210
2041
2927
668
394
1861
4918
1315
418
1095
598
1862
3400
689
935
4128
2083
4397
981
386
3741
768
3344
1628
2065
4000
3375
2117
2010
874
2578
4595
1553
2626
3258
1112
3484
1922
2381
3764
1857
1273
4859
1146
4847
278
4497
2928
4545
172
2147
3346
3673
3650
3207
3214
11254
1445
1617
3911
4406
2408
2407
1300
1040
536
4471
4663
2114
3105
2258
8743
1880
4297
844
403
4958
697
2892
343
2692
1633
3492
3859
876
3085
3524
2637
2839
1665
2932
4020
4157
4566
3466
1303
2160
2158
4110
2987
1236
3411
4799
3840
2344
3068
3830
1937
3747
4065
2365
4719
474
108
933
273
6120
2080
2325
2311
1440
3652
4537
682
3193
1193
4411
3029
4215
769
3235
1918
1620
2329
4444
956
1884
2958
2809
981
4381
3935
1848
4803
3454
93
267
1847
4474
2539
183
2332
4159
3379
3043
2999
2779
614
467
3093
1210
2445
3422
1385
2576
2568
4137
2616
1687
1668
395
511
14617
881
4446
4993
4271
522
1615
4957
1226
3273
1916
3863
2146
4800
443
4216
4694
2071
4646
1470
11915
2387
3566
3959
460
1215
2955
212
2561
1519
2350
5061
662
3317
3247
784
2669
3456
1780
3186
921
4879
4243
2701
5336
18595
7069
4996
2831
1613
1866
264
2198
2588
1264
2268
2111
4744
40230
1106
1225
1759
2918
3538
206
1614
845
3179
3482
1676
5354
2084
4493
4482
3576
342
4400
4282
3696
2590
1169
1394
3683
3582
2496
13900
1493
4537
538
579
1666
3931
3162
3712
366
3592
677
3683
471
4150
4558
2563
4423
4684
4272
3013
2126
992
1747
2523
1177
2873
4901
4101
409
2881
3738
4619
3747
2483
3778
878
3254
2164
1314
1279
1011
4663
873
4144
4399
252733
2112
769
3345
410
4648
370
3774
3038
747
848
4486
1439
2221
1409
1206
2411
2931
4709
776
7721
4606
2060
4766
3553
1712
73296
45
2757
3154
3371
4392
1724
1943
1228
537
1316
3785
2012
4312
2199
1204
4952
1520
3117
68310
2703
1621
1863
163
3870
1744
4922
17795
1327
4848
3186
4219
2026
3804
4886
552
3166
3565
20526
2194
4980
551
4760
2895
2498
3487
2452
1081
877
2120
3131
3759
112
1586
1355
3821
2918
2532
4669
4695
2196
4775
4257
2806
471
3730
279
4167
2032
2301
1881
2497
724
1142
4392
4364
4330
4084
4024
2894
2189
3470
4573
937
3635
839
4765
2619
2636
3197
1268
253
1636
610
1014
1460
180
1981
412940
1424
2135
1140
921
3058
3594
3570
2424
3190
4914
276
1384
3245
2945
3158
204
930
4033
1031
2792
953
1391
15766
1043
2853
602
4947
920
2236
1700
2484
2163
3739
17536
4029
3469
895
3472
1938
2749
1884
2359
2524
3135
3833
12101
3222
549
4935
4071
2525
2895
1120
4455
3177
1970
782
123
2115
4453
3735
3474
1278
3273
3304
3764
4516
3753
2715
2862
4385
1997
1945
3996
3456
1888
1658
949
1587
4876
1058
3952
3133
4044
84488
3527
729
2304
2766
3687
3585
3767
4957
3631
3121
726
1101
958
4124
5868
2213
4045
2489
3507
1815
4901
960
3691
1005
3190
4743
2907
4873
3795
2405
4093
2407
1624
734
13207
4327
51574
3183
3170
2625
332
3257
2344
3677
3105
1388
26469
4156
802
2801
1520
2590
3570
1524
80012
4715
3241
3060
3756
2813
2997
3277
1728
243
1504
2646
4692
3225
1988
2930
3059
438
4567
453
993
1726
2732
3253
1232
3846
3937
462
526
866
341
4422
1537
4694
166
27461
3279
4294
4806
2846
4490
2884
1026
4633
1903
4353
837
3466
4557
101029
4022
6941
550
400
3441
1135
4359
259
203
1658
4804
2028
637
3664
3558
2101
2696
2213
881
1531
827
4022
3320
4905
1222
1019
97
3411
4261
4544
4503
387
1710
4645
1199
524
3019
2387
919
2842
5754
4033
2361
2214
3194
859
4966
1348
4722
4363
3153
2569
2974
2143
3127
2358
1165
317
2369
1946
1826
2135
435
1360
1928
1249
3597
1287
130
2376
331
2235
3088
1820
1045
1153
2937
3080
3533
2232
3174
2767
549
4530
4284
1827
4437
1235
1597
707
1019
4669
1726
2299
3042
640
2799
3006
4034
2935
3822
350
182
3740
497
1366
1526
2360
1578
4973
3024
2863
1818
6382
2421
1795
1574
109
2317
3339
685
738
4200
2871
2183
770
3959
1641
11049
937
4497
2447
2895
353
4932
190
1664
4514
4976
4061
4872
4544
3402
4749
2913
3199
2724
2857
3766
2930
4532
3409
2992
2673
2142
997
4137
4042
4843
408
4589
2471
3390
1979
4888
619
4257
4042
1785
1270
2618
4514
4800
957
1844
1728
1958
4511
4610
3974
1010
4289
3717
990
1887
157
4003
4690
7765
11943
4376
3860
2229
3720
3115
2677
709
4986
2235
4239
2157
1985
2136
3201
620
1716
2124
3999
3201
1435
5924
1552
2014
2343
3491
3657
2085
2563
1160
2484
3306
2434
1060
3955
2604
9131
3898
1248
4782
1836
4533
2405
1400
1592
1797
2448
4962
2027
3005
2809
1963
1937
2816
2301
4342
2811
3647
843
3116
2846
3066
3906
2354
2534
3046
4781
839
4584
2115
3334
2933
645
2586
4940
1814
3018
1762
3355
1134
967
1744
4488
2778
4323
3519
4217
12144
1496
626
3087
4515
1743
584
4144
93
3919
2472
2290
1800
1067
1657
2988
3061
2720
3642
4377
902
4851
3480
4585
1134
4378
1804
3318
4903
3132
500
2894
3353
4157
259
474
3643
1831
619
1827
4638
2802
2368
209
4840
1658
4994
1704
3741
1408
2285
1313
2267
3651
4160
2174
3516
3300
1322
54175
765
1889
1441
979
2866
3112
1353
4470
1921
2794
650
4271
3685
1337
168
7814
3769
3300
4680
1827
12601
12998
1314
769
2900
1582
4463
3743
3824
3637
1788
2472
4679
4459
1929
4887
4151
289
4488
1104
4409
4404
4281
328
2342
1288
3166
2411
989
6262
3569
1677
3005
4647
1041
2321
1239
2405
2211
4775
1099
2695
4115
1478
4889
2112
1411
3288
3220
4592
4686
647
3067
4526
4876
2408
2568
4680
4447
3722
1508
3176
4408
2597
2542
1862
3558
4446
480
2920
504
2379
2652
3083
205
2997
1189
2290
4481
4670
4040
569
2776
2568
1872
488
3837
1381
796
3406
4884
362
4602
3228
1604
718
2836
1667
392
1282
526
4813
4061
4488
3323
3251
3126
4192
3029
2517
3405
2623
3455
4185
3881
3990
4433
1079
2249
4216
1826
2130
3061
2811
1188
3299
1891
6707
4008
2419
3407
1245
3204
3452
4812
2029
3851
3568
3999
591
4061
813
544
3184
4575
1086
4456
3989
4844
1813
2287
2902
3863
4439
4090
5044
2336
2768
3615
2971
2065
3857
2997
1668
2226
3667
250
2401
1971
2804
1312
1971
1412
3223
1058
1265
897
1003
2488
4784
14821
4822
3085
1275
3585
4118
1208
2778
1071
4321
196
3947
1866
899
2165
4608
3458
2673
2263
2670
848
1032
4280
2778
350
3575
4741
1634
2532
4290
4156
3042
1547
4689
4048
2542
8668
4525
457
1458
2989
265
680
1687
3800
1140
403
4828
3543
4926
1428
2231
2242
3191
6304
4627
864
3861
4862
1757
3460
2845
245
1508
4450
3336
3328
2381
1512
4100
696
4353
11860
2007
2871
2824
1209
1425
3216
603
974
1424
634
112
225
3778
4973
3160
2556
1981
4704
544
3200
838
4894
2164
1841
1123
1647
1449
3350
3796
3182
902
1800
3879
4834
4790
2404
3805
154
3976
4114
1256
2938
4634
3415
4305
1896
3994
981
2919
4369
1049
2220
2866
4474
2726
3324
3768
25692
3033
4152
3546
612
422
778
412
2679
3379
3767
2581
2305
528
3529
2489
2652
2973
3612
1203
4925
2095
1393
1383
314
545
1150
6276
1667
4616
886
3376
3148
1504
1369
3383
2668
2087
3101
1851
2958
3585
4986
4348
3740
1475
3104
4824
2051
4495
1229
2319
3356
3249
4919
1727
1196
2284
204
3534
1557
2608
4789
3104
1012
2519
756
2334
1107
3027
3783
4128
3498
1650
4039
3357
3614
3561
4136
2805
3996
2669
9584
1240
3510
2773
4953
3795
4408
3839
2888
3830
521
808
721
3777
3439
2807
2639
3111
2154
902
3845
1246
4409
4428
11108
131
3679
4181
3681
3299
3760
4432
1654
2090
1162
489
544
2792
4607
1501
4236
11246
5129
1407
4521
1684
3076
3076
1115
2349
1721
4091
3948
4411
501
2329
414
2236
2751
2929
3337
2652
4907
5900
2949
2989
2753
4065
4530
4415
4547
4734
3798
1885
2454
3103
459
3411
1643
3144
3163
356
4728
249
1090
1191
3988
1610
4368
4081
2733
1327
2880
1488
1148
3681
1844
1317
4807
4409
373
3526
3169
1743
1086
1503
1032
3243
2963
471
1889
3112
1921
4825
1857
2057
3210
493
2603
3255
870
970
4060
2367
3157
4267
4271
4016
4838
555
3368
3785
1600
5642
2580
4382
1601
2749
1721
3883
3998
1464
845
4367
391
1950
1414
1210
4459
376
4086
2730
1978
2140
3238
3080
2279
3831
609
1786
1428
3637
4602
2681
4307
3998
3463
9842
3669
2987
2869
3631
35701
2867
2151
10825
1048
2359
1269
1134
2045
6868
770
1967
1232
2716
715
2535
3592
331
4046
1344
2789
2022
4376
750
691
4432
3265
2050
4013
4406
3076
3993
1862
495
3545
1261
495
3607
1390
4056
4134
1416
3509
4757
1056
3661
3688
3384
9309
4122
504
2346
3068
4241
1285
4196
3038
90
12310
1262
2685
1958
341
4915
1613
4205
1449
829
4338
1029
3386
4907
1800
4337
1024
4976
2426
4217
2747
2022
4422
3236
7280
2717
1447
3765
3029
3138
1038
2424
2890
3815
3032
4916
4532
4962
4822
3143
3558
4959
768
3983
3043
1169
4596
700
3249
329
4148
4551
1219
2994
4268
3421
2870
3041
3020
4659
1200
367
4556
899
3052
288
306
2546
1930
518
1049
2263
2147
397
282
3495
3314
2964
4649
4859
1334
2113
805
1746
856
3722
4066
2103
7011
1019
1781
3959
724
570
3422
1938
1043976
3072
4188
405
1832
1364
986
4841
2861
78
22873
2857
3413
3970
4690
4095
4817
1379
3793
4265
1192
2636
3357
1965
4495
2106
4288
2984
4256
410
633
1341
2154
660
1037
3890
5326
1390
2765
1364
2369
2921
2068
1561
1733
3091
3164
3987
657
1861
807
670
1647
2402
130
3227
761
1170
5312
11491
3915
4510
1993
4049
3735
837
2598
1431
3949
429
4587
3047
3988
1080
4554
1511
1811
2079
2204
4340
1870
1918
307
1846
2412
2217
3055
990
479
2537
1427
1533
1611
2628
4747
4444
4657
4413
4472
2625
6107
2592
3260
1290
4215
3661
4177
3055
3561
4498
4456
4408
2414
12014
4772
2465
2998
10466
2841
2754
2997
1680
1580
10054
3544
2892
525
4995
184
653
1323
1420
4522
4376
4812
1237
3515
177
2381
2984
2308
994
3702
4551
10951
1112
1714
3081
728
3974
3190
2101
4978
688
4449
2934
3878
2822
4180
2928
3045
1698
3998
3570
1333
4607
788
4930
2298
976
2120
4905
465
1742
713
2456
4794
3542
4968
3497
4279
3059
2023
4496
4570
4961
2846
1503
667
787
1938
1158
3090
4885
3078
4406
3130
4992
765
822
997
4739
2772
3614
2272
356
1570
128
498
654
3803
1489
1341
3776
2693
2546
2535
4489
549
642
1094
2553
1837
4317
2809
2141
2897
556
2032
3015
2720
1244
911
2169
3899
2507
2936
1746
3840
2864
9372
1042
1808
593
1887
3481
3279
914
1089
4047
1829
1341
4965
992
2068
1039
41746
2642
415
9329
720
725
1132
1669
1133
3964
4620
1419
801
1700
2554
699
2598
3378
1915
4073
1315
2296
2511
938
844
2428
6146
4127
590
456
1756
4328
2815
3689
755
1144
3478
3049
2229
2260
2033
1819
2932
4402
3875
99
2723
4553
187
3335
1611
1072
3220
2858
1315
1660
76459
5574
2377
3532
4009
464
2219
2103
4510
4345
4449
2443
2159
18644
2078
2210
1210
2442
723
6667
3729
1695
2451
4697
4807
4840
1551
2963
2731
2413
3913
750
3169
2568
1049
322
4339
2686
4473
975
1500
572
2311
145
1079
3040
1195
796
3263
4230
3426
912
4319
2110
4596
1867
1922
4451
1271
1809
4953
1775
2794
376
553
4899
4370
934
2500
4028
3915
3938
4919
630
3443
4090
3159
1777
1817
2892
716
1389
2786
277
2534
2955
615
4775
4854
553
213
1872
411
4827
1124
4015
4851
582
1535
2136
831
4750
1941
382
2036
780
1446
3895
2411
3369
3319
214
3686
6905
3516
4832
1175
938
1499
7824
602
1528
3850
1831
1943
3804
48649
4338
4063
1531
1099
4486
1555
4118
4694
1391
2964
4713
4934
3086
4481
3993
1277
4036
4800
3175
647
3207
3231
1585
856
9880
2035
1112
2584
3521
1277
4834
801
310673
1921
4624
2577
1476
3811
370
3340
799
4105
4396
3966
302
1128
1991
1595
3127
2296
3291
21019
2706
4225
1941
738
3874
2349
2927
691
3174
2367
1899
3162
4741
2368
4320
4278
7163
2807
1769
790
167
3126
3226
3980
2626
3818
3235
863
2060
1096
1262
536
1117
1740
4383
529
541
763
2622
3742
3640
4247
485
2247
3100
586
4307
4946
3912
3713
1455
1747
4679
2760
1035
1825
3288
8793
498
3280
4986
4820
2322
15791
3162
1784
557
1271
4840
3295
3419
15476
4103
335
4767
4817
3477
4796
3900
2906
3980
1560
3372
1127
3109
3389
4001
4065
3163
4845
1876
3721
9720
2472
1880
4486
2018
1808
4848
4929
94
4279
1880
2278
2091
3157
3112
2738
2766
3962
4679
4614
3886
3377
1071
4001
1905
366
3056
742
418
2593
1472
945
319
2050
702
3696
4531
443
926
2819
1938
18006
4627
2015
426
4215
145661
2157
3187
3912
1310
9165
3648
798
4498
3939
1614
1382
1966
6729
196
2891
4155
2839
1448
412
3733
3826
3725
5294
404
3899
763
4337
1185
4525
456
2338
4136
4693
4314
11786
851
11485
347
1695
1766
4418
3685
2016
3726
1120
4677
264
4499
4654
2390
322
1548
3975
580
2756
1546
3916
1076
3538
4303
4965
4911
3877
3511
3164
1971
2455
2137
3200
2984
4427
1910
3675
2136
619
3442
4204
1733
4086
4521
4658
4618
1713
1484
1485
941
803
1309
1330
630
6781
1635
3685
765
559
498
408
3228
4096
4732
1983
1828
2556
566
332
2188
4300
423
552
10363
1165
3781
1095
4917
3551
2028
6663
4150
2940
1908
4098
456
6315
2190
2483
3533
4397
2972
2384
1675
1219
2512
2431
3628
4621
4693
1146
962
4305
2078
2293
6556
3009
3647
4822
4239
2318
4612
1196
2512
2495
4167
2092
2745
2468
3256
1334
1958
2000
1000
4681
2979
4757
940
2609
2927
4833
2777
810
858
2573
3608
4035
4815
4265
3278
631
1730
3221
4451
1786
849
1849
643
354
2626
1128
2790
4459
4738
474
4456
381
2756
19722
4335
3264
2468
2285
1522
4905
4730
1157
3978
2885
446
3432
912
3185
244
1160
1948
8529
3639
752
4071
3567
884
2607
3726
6477
2306
4124
2505
4376
2580
4951
1480
3330
916
9163
3517
4602
2015
3808
2530
3533
4720
1778
1804
1095
356
4033
1358
3550
3989
4719
979
1391
1009
1470
2991
1520
1389
3149
4618
1008
602
3080
4138
89409
451
3107
1351
2644
1709
2247
3205
2938
1409
264
1378
4747
387
1511
4861
3758
2566
20916
3416
687
3619
3869
184
1134
2399
4618
922
1040
2453
4804
1288
1233
528
510
2840
8516
829
1495
2011
1312
1773
4815
4299
4933
1433
4651
4192
1361
3043
996
2516
600
4796
1599
4619
1875
1647
148
4652
363
530
385
1623
4533
1063
2705
525
2376
3092
1656
4756
3098
1802
4508
2894
2109
6788
837
403
789
452
2088
2489
1460
4402
2459
693
294
1900
1084
1199
2772
4918
203
1756
4671
3784
3016
2001
2820
3836
236
1436
976
3322
2670
3182
971
2530
272
15048
4385
4596
4376
1093
689
4060
2726
3229
3959
876
1823
691
819
1058
2738
6581
14582
3502
4516
4122
2978
4983
4861
1759
4747
2584
4256
1837
4901
2706
2040
2487
1060
2678
3296
2788
4567
1240
3320
4013
1232
4839
309
982
2954
3411
716
301
4875
807
4221
413
3148
1125
10558
4791
159
103147
2674
2063
1783
2021
614
4752
3453
945
2572
1492
1790
1945
2760
207
958
4641
4806
8657
479
4316
2758
3810
643
408
4943
2140
460
2962
1625
1696
2556
3909
22238
1027
4676
3130
1708
1090
2318
2868
3801
250
3391
2570
3959
2924
55072
665
1331
2625
1999
2924
1305
4198
2329
3527
1740
3237
3548
4461
4484
1316
602
560
2624
1457
1943
1406
2526
3636
624
4840
2964
1318
3551
541
3780
3910
4911
2156
1590
1503
4100
2803
50
346
3593
2251
1399
3411
3455
3484
2128
2096
2482
1204
4559
4220
1740
912
2215
2291
3432
3695
4874
2007
3418
3106
1845
1095
1468
740
326
4683
10708
1560
3620
1426
1402
4658
2886
557
4694
3122
2711
3181
2386
4104
4966
4559
2134
2602
403
459
3678
182161
2244
712
3427
15591
2185
2626
1601
3240
2359
2928
2046
2362
4576
3132
4754
2475
1040
2896
1415
3765
368
2006
4755
536
2498
4168
820
1859
4908
599
2623
2201
266
4473
1415
11544
348
4677
1378
2871
4464
1734
2840
312
1195
2172
1387
2479
1157
611
1437
3235
4331
3342
3998
5265
4100
2841
4965
4808
1276
2821
824
1947
4337
12968
293
2170
3624
3658
1632
3494
1367
4830
2509
3395
2674
3468
1836
444
4027
4286
3921
3669
2415
4852
3637
4460
19820
889
475
1374
4942
4575
2919
619
1185
5606
2906
1642
895
4407
2238
3539
4650
4474
1128
4276
4817
2103
1293
932
24431
2805
3708
1045
1846
2104
4962
1165
3486
1854
3414
4961
3490
2725
4263
4166
979
2809
4200
2624
3348
4688
4509
2051
3200
1326
2503
2746
3302
3536
1570
3638
2837
2444
3064
2608
4421
1372
29545
1718
2096
4367
4895
2693
4560
2818
312
3998
3564
1128
3150
4012
1209
1198
421
1475
2486
3235
592
2899
3140
4912
3293
1668
4104
3106
4551
3925
2676
1383
3913
1416
1428
1939
2394
1506
2546
1586
2841
8745
3604
4995
4722
3246
1825
3749
967
2228
2089
3461
1533
3075
459
830
4930
2170
1138
3850
3468
624
2432
1742
850
3681
292
435
4537
4480
956
4492
3605
2735
3308
2726
2308
1213
2607
4404
960
509
149
1472
3378
2406
335
4183
4660
477
2047
4219
4476
1375
2890
9405
2680
3050
17631
2250
119323
3169
4001
3061
5872
2454
4799
612
265
4968
2768
496
1298
1224
3589
1382
2439
2594
2131
4508
1352
1874
1838
3995
2641
594
2333
1323
4617
6332
892
4138
4169
1772
3178
2644
4628
4270
4835
1084
2692
1470
2641
4589
2542
3590
1770
3144
818
1542
1537
2064
2673
4244
99
1910
1630
2924
2126
176
3270
4383
3693
3117
921
2954
1355
1347
1632
2947
1761
1387
3514
3168
2063
1981
4561
3117
4176
2001
4420
2116
16982
3800
3568
4709
4189
2619
2244
2532
586
3569
3138
1284
2192
1093
941
4226
10696
782
4792
813
485
3327
3475
3859
4543
2963
3663
2475
1962
497
1562
2098
3643
2338
2478
4655
1796
4636
2537
1441
4817
1609
2429
2567
973
2425
2774
4888
3388
3393
446
2534
4366
4509
2745
1728
4993
2347
4399
2748
4541
1711
1329
2761
2147
4402
3248
2084
1060
2440
962
453
1097
4272
3776
4348
2673
1079
2450
1192
1190
1407
427
4255
1818
1260
2275
3403
4240
3137
3938
2963
3275
2294
2693
4630
505
1772
2648
1781
476
530
804
4825
4682
2702
124
4072
4595
1747
415
3875
3301
3488
4526
2110
2313
1719
1536
2480
3801
838
4374
3133
1314
4379
1456
2352
3785
1329
4162
85481
2628
3936
4970
1275
3922
182387
1219
1685
616
12908
2611
1466
1062
3069
1054
1638
3981
1335
345
3115
898
3625
8148
627
378
668
1242
4073
4580
2526
4451
1154
3375
1873
990
2631
4878
274
1536
717
4476
794
1280
1895
2919
4533
129423
1901
2846
1064
1803
4982
2826
4239
1749
2019
565
1141
11166
2004
3882
4284
2267
3279
3533
713
2194
938
1056
2060
1917
4784
3492
3586
1652
353
2951
1748
3253
610
2421
3702
2667
1585
3475
2597
1212
1730
2371
2077
745
809
4646
1421
1418
675
3876
4980
2606
1670
673
3762
3312
1263
1726
4316
2273
3377
3030
3792
2934
33898
4734
4420
5921
3676
1632
4134
4685
2557
2263
2099
1015
3411
4328
1517
2979
2460
1339
3646
905
3308
3638
410
743
1440
448
658
3203
2847
818
3387
1967
4268
397
3034
460
2978
897
3178
2057
896
466
432
3471
19632
1761
224
753
3342
1588
102
557
252
2893
1628
1665
761
882
1126
4983
1107
1233
1805
4406
161
4922
3860
1714
3344
2901
1521
6146
4426
489
54696
3855
6007
691
2774
12713
5528
926
4041
832
1169
1424
2597
3327
1863
3010
4337
3294
44829
4667
4600
3706
3762
4230
23576
1012
1859
4523
3611
1598
1249
709
4346
3737
2007
2400
346
1843
3301
4318
3235
3534
382
1531
3909
4297
4760
1565
2762
934
3523
4017
3793
3336
3803
570
3325
3323
44
4137
4119
2202
1549
4435
2778
144
537
3313
1328
3390
2719
1888
257
3637
3567
2022
3223
4146
3278
3776
166
909
4572
4762
708
3990
2997
593
508
904
1676
4743
3628
494
1612
4856
3519
200
3577
3156
1879
3175
751
2287
406
243
3567
3284
4233
5239
2875
3177
3813
2974
3552
3828
2736
1908
525
4674
2741
4672
1900
2829
4182
2975
1594
2416
4885
691
676
1356
2897
3316
3206
4967
1982
4504
4101
854
2790
1821
4618
5186
1747
819
482
935
3564
1046
697
979
4623
3110
237
4079
2953
9553
2639
1465
7700
608
3474
2247
1956
3281
409
3220
1386
1627
2468
4644
4245
542
4283
3019
4884
2333
883
3926
2203
4660
4014
1433
1112
2637
787301
2773
1854
770222
2537
4918
1054380
4898
960
4685
3792
1776
1882
4070
4688
1828
712
4571
3219
1107
1257
3849
780
3235
3019
542
2473
1554
219
4634
3242
1433
1867
2671
403
1880
3756
3390
1100
29146
1416
320
1632
3315
2509
3470
473
4857
4018
1753
2387
4609
2621
522
15603
1230
1146
71
4945
1339
4677
1735
3558
1508
763
4289
3275
1213
4762
1716
2789
4543
26
1728
3706
4430
2752
2318
4081
399
4722
2611
4820
4227
1280
2937
3799
2104
1401
1557
3341
562
5099
4918
1335
3574
4067
3797
2358
2172
2792
6867
2346
4058
2840
2843
2558
2742
1820
2830
2699
2674
3643
67283
2840
1793
1872
2617
2725
294
1948
1863
4673
1337
2462
2478
4505
1531
4120
865
1617
1125
1597
834
1672
12146
1128
363
3630
3154
582
1524
2035
4308
2063
511
2554
2731
2016
1230
3779
1840
995
2910
1213
3824
2418
1710
924
1833
2725
12653
3737
4313
4200
3196
6509
3283
1519
2679
4821
4168
2438
3504
3488
2920
3878
2000
1481
4925
3724
1336
4657
3064
4695
4409
3415
3623
1546
3752
2142
4484
656
3914
4926
4392
2968
443
3889
1136
2911
2636
366
552
3568
2448
4266
2997
2792
973
877
1424
2192
2818
1093
813
1762
4077
3921
2450
2036
2811
2606
398
21144
3851
490
3662
374
4000
2745
3496
4031
1865
1622
2194
2187
1007
1367
700
4784
2765
4468
944
1813
1834
1629
2575
3618
2041
2151
2929
1550
2680
1683
4391
4625
4962
3323
4999
1592
629
1503
2698
4030
1488
691
3276
4007
4161
1188
4512
5108
2297
2829
2073
3240
1813
4561
4262
4325
4370
4990
4411
5640
810
4690
3804
4346
4700
2977
2425
4222
3363
566
490
4388
4758
2733
3901
1788
1718
4805
747
2160
4370
14523
3345
1799
2932
4833
4734
4056
4899
786
4414
1384
3125
1607
1433
1719
4943
1913
3262
1089
4352
17067
2159
4182
1889
2500
3583
4946
4578
4014
3260
4021
3090
665
1162
2871
3014
854
349
4959
2044
2639
5867
3784
2464
3394
397
2862
3682
2190
3228
9959
1719
2051
3359
2787
1282
872
3016
1130
3710
3862
2036
1866
1323
2525
470
592
1931
1266
4175
3852
4815
408
3281
2743
1133
3002
4612
915
1608
1631
3095
2847
1712
2000
4033
2182
12935
2348
1191
319
2674
4216
3165
27220
7560
3081
454
4199
3438
3552
3984
426
3061
887
2755
2877
2817
4502
2549
446
942
1570
338
1201
2472
4616
946
323
3839
4342
2706
2916
4462
3626
1474
1805
4019
57523
2776
1695
2514
2149
1401
1362
4164
3611
4769
4475
2715
2627
4472
820
4577
3950
4873
2951
4296
3714
3279
4351
1459
2015
2936
4594
4869
4325
3727
1268
4734
4538
3308
3194
850
2755
37585
2370
3730
3433
1386
1849
3082
3598
2962
3665
4048
3194
218
1815
3119
3203
3482
3808
3718
789
1834
3170
3958
537
4342
1256
3762
3913
95
3546
1407
3294
4992
2854
4901
2736
4501
577
3828
942
3866
2418
4358
762
4247
2827
807
1976
2837
3946
4942
1078
3398
4817
281
4602
3442
1287
578
4868
559
2022
658
4771
2814
73
1582
3777
3021
5491
1059
2426
1396
2826
1198
4361
381
2259
1721
2214
3923
1707
1826
5878
6118
1152
2001
3613
9072
900
2991
4404
3338
3294
1872
3608
47033
3069
3016
3105
3369
4827
200
1653
4434
1441
375
3558
4290
4727
5010
1093
750
2078
17614
4630
31091
3539
2921
19648
3453
1102
2135
3631
1424
2161
1500
1811
3674
3682
2476
4368
3838
4289
4827
4301
3439
4847
4899
9006
1531
1473
2063
3357
2264
5736
4762
2336
2141
1718
4275
2592
3810
12347
817
340
4286
4931
4086
1189
3394
2026
4046
3833
27897
3619
3195
3229
558858
2655
729
2928
3437
3052
4658
4171
824
2827
2425
4857
4032
578
3299
3783
2560
4154
3857
2222
7075
963
833
284
2145
3538
3789
3828
28039
2216
3361
1847
469
2506
3637
4705
2486
4891
3542
650
3803
1063
2148
3841
3605
3416
3863
4987
3773
1558
1459
3481
3547
1760
1422
3571
703
2407
3453
2956
1888
696
4979
3734
1319
1055
1122
2842
2615
67605
3988
1372
4222
24078
1898
4830
392
2069
1881
3931
4624
3271
2436
4601
3457
4185
3058
4178
3388
2455
1050
4282
4117
4638
1996
3506
1937
3088
2259
868
2655
3367
981
3917
1292
4141
975
15965
2592
2620
852
4494
2452
3583
281
4303
2647
759
2013
992
3690
2754
19774
4006
4377
4868
4435
1018
2017
3998
2166
1454
3741
4805
2601
388
2602
1808
1176
4010
1091
4102
4977
3451
3352
1551
788
3190
3090
4778
3226
665
715
3322
1504
3440
3033
2386
2526
4701
3865
4824
3199
1358
982
1714
3152
4461
1357
2559
2279
4184
2884
1336
4087
1300
1975
1774
662
2958
4103
1121
1010
2201
2038
58428
3191
4767
3357
10733
3853
1504
862
3371
4972
2830
3438
10096
2971
3334
3702
4672
3858
2039
1950
3634
2122
2113
1920
305
3776
4418
969
2300
4556
4222
1639
1060
3779
1390
2915
1649
673
1852
2155
2741
1559
1424
1284
2265
4031
3534
1368
1517
3304
465
2535
1559
3115
3068
3635
635
1816
4496
3127
3179
4951
1117
1543
1880
4222
4596
3912
4236
1773
2069
4507
2916
7492
3189
3572
3212
844
1803
2409
2393
4558
4064
1344
1173
3413
401
432
4666
4757
3152
4357
105576
268
3237
3966
3758
1770
2112
3651
4912
3203
1040
2135
2251
2031
379
107
869
1279
4906
2164
2071
4712
2860
508
3731
2287
749
4814
375954
4741
4311
4365
664
427
3627
2261
2781
3022
4155
3970
3477
3609
762
3234
964
1371
3018
856
1098
2689
2109
4175
14316
898
4215
4954
1164
4901
1135
2120
698
2557
1277
967
235
4330
1730
1031
1359
1828
3960
3274
1745
388
4419
4984
683
1908
4131
705
2255
2055
4300
1868
362
3224
4511
1289
1019
511
3794
4260
710
2355
1953
23
4372
3868
598
2193
4142
1823
3836
3316
1355
164163
7053
444
4161
4933
2380
1000
1056
1986
3618
680
877
4936
2645
1396
2664
1305
3107
2807
2014
3868
924
4225
625
4227
3139
13869
1162
3459
3177
2004
2529
2435
1170
588
1512
4914
2095
2065
3493
722
1696
4168
6339
1667
4123
2907
4750
2246
682
3465
2256
2670
309
753
4807
610
1481
1924
4523
930
1749
1136
3913
6166
5176
2671
2911
4111
11029
1967
2151
462
1660
1438
1276
2441
2325
1275
3311
317
1008
3650
2913
1548
3891
1800
4011
490
1422
640
1138
2195
3936
6322
2411
3810
4161
2284
3843
1354
1365
3512
3748
250
961
3792
2409
1421
9203
1670
3056
3748
1214
1001
602
3752
1343
17798
2965
1852
2152
1834
3644
3429
603
3538
1757
1682
3405
1523
736
3553
2424
1693
1013
2879
4510
7333
1991
3935
2091
774
2684
1353
4037
3481
510
3855
513
1793
4444
476
2895
1997
4516
1425
1866
2263
14523
2439
2537
874
745
4680
303
712
1603
738
2498
1747
3233
2974
3928
1761
4839
3088
1567
3641
1904
2964
4256
1346
1188
2428
3585
2500
3849
2317
4342
4381
3086
1085
1093
3706
4439
3298
1599
393
2186
4323
235
3392
1944
4514
1271
1744
1085
2623
4953
260
4413
1432
1367
3528
2272
1526
950
2074
4490
2694
2616
4875
1676
1052
1412
2155
776
4705
3481
2679
4078
1956
1993
2672
126025
3717
948
237
1618
2592
445
399
3578
1224
889
2432
4718
3344
4074
989
2375
1431
2368
1998
2980
3847
3094
3333
4099
286
2350
972
1313
1519
2894
4097
4097
933
1486
3481
284
2759
4217
3765
3312
2386
2507
3943
446
1515
1770
3176
1686
3023
3910
136
2940
459
2115
3625
1873
4236
4845
338
3995
2319
1625
896
2849
3321
1472
3991
3753
852
2139
1968
4058
3151
4143
3885
1719
4264
3735
3121
276
2287
4233
1743
4203
3541
1083
170
2462
3979
2754
2121
2513
4206
3398
6792
2686
499
1648
1261
4881
4018
2134
3016
3193
3742
502
4677
3214
2997
1652
683
2708
2608
1198
678
2483
1520
1921
2605
4832
4878
4359
937
3744
3666
4357
2567
1925
3844
4663
2168
3383
1900
3768
3855
2015
4987
633
2310
4289
2787
4404
4376
1903
3338
2424
8926
3433
4761
362
3117
246
4159
1112
1190
1662
4515
775
4873
2208
1038
1958
242
868
3716
254
1414
1850
4491
2738
4960
3650
4135
1519
4164
1846
7340
3935
2919
3179
3260
3684
5222
4922
3233
2757
1185
490
4977
2784
4314
1506
4768
2848
1699
628
2192
119
1512
3710
937
10676
4523
2317
529
365
5863
6939
1458
6432
1692
2860
4970
4078
2008
1123
2159
3224
1623
3404
976
1794
4037
745
3190
618
1687
1293
4198
3115
4633
1185
433
4585
1225
3546
6686
470
2587
1110
2851
1917
878
3367
2257
4239
4043
1459
2804
4281
2374
987
2564
2899
3902
4092
535
4210
2348
4979
4265
1067
4440
3672
8164
4370
3397
19369
1842
1527
2049
2839
1905
2857
4466
1771
1180
4073
152
2182
3743
3085
2263
713
732
3241
4227
255
1989
1727
2375
4071
3893
2975
787
3620
1967
1389
4119
3821
2290
821
3553
4419
1965
3434
1303
2069
693
2804
3926
2610
3562
393
4304
4014
2287
3148
849
4491
3488
3892
4603
5156
4725
4406
1186
4196
3049
4437
3726
932
556
540
1570
38312
4219
2797
3609
3220
1638
1597
269
986
1278
2667
2661
2565
2172
2291
4191
1253
3973
2042
368
3690
3789
2093
1065
4132
1686
1980
2719
4341
3121
555
3796
4217
2725
3515
1107
3785
1668
3571
4959
444
2438
4566
2225
1842
1937
1253
790
826
3712
2992
4107
4372
2377
2333
2204
1229
731
1050
1783
4847
4615
2159
4657
2853
3487
2407
1332
2669
3916
3252
4705
4534
1460
1665
4003
3548
4534
1663
2457
1769
3750
4629
3685
849
1085
1937
3130
3488
18352
4965
2776
2852
691
4021
1900
1149
3188
1209
1148
3589
1136
1928
4319
2714
1527
4539
3689
308
944
4248
1102
1789
11177
3231
1713
4207
3264
1021
1272
3123
1386
1096
3315
3996
2107
2787
1182
1921
2606
2404
58122
864
2998
4072
1830
3417
4205
4219
1648
86
5894
4807
3133
751
4146
306
2998
2187
1146
333
2022
1564
4505
1153
3791
2818
4115
2589
631
3533
2302
1672
4319
1892
4213
4884
4439
2659
1598
1966
1430
2201
3594
4351
4303
2022
451
3316
4507
964
539
3689
1364
3667
3371
952
1684
4461
2186
2172
1867
3568
1394
3811
698
4770
2400
2874
2465
834
2414
3372
1577
1404
823
6510
1542
749
3842
2668
1006
4154
1104
3439
1086
425
2458
2297
952
2023
3920
2866
4967
11736
4288
4115
2133
1816
4074
745
4732
758
1141
3323
664
1601
6755
2034
4406
827
601
2004
867
3289
1240
3023
3237
3973
3736
1048
4506
4854
1798
3378
1397
4598
528
2175
791
4970
2157
4872
2656
1943
1435
4738
4176
2119
2356
2368
3038
3046
1873
473
4140
220
804
4084
3361
4208
2241
4080
3973
2528
1445
465
4266
2035
7775
4323
3832
3016
1578
4952
4719
1462
721
2528
3656
3306
2492
4356
1356
4716
557
4300
2462
2751
1519
3389
3214
2404
1404
1255
1722
3319
4482
1145
3782
2924
3795
4119
4138
2347
2263
3784
3971
2814
1377
577
646
465
4588
4037
1714
245
1678
3015
405
3270
3707
2881
4404
1845
4978
1203
895
1788
2509
1445
1697
2179
4152
2139
4277
1537
4103
3737
3085
4197
457
3610
792
4960
5899
2144
4997
3558
2989
4587
1625
1625
15096
4889
2334
4384
1978
4600
670
275
3530
12354
4214
3603
2037
2205
5689
1493
1574
962
1580
539
2885
3994
3589
1049
3750
1113
3833
4250
1347
4962
3050
2053
1264
3895
191
1423
1197
2894
4337
8787
8382
2161
1604
3274
4832
3173
4295
1094
7984
3961
4835
4953
2961
1356
3887
3461
3436
3458
4275
1416
1027
344
4242
863
1356
3775
1475
2143
2405
4503
3093
4428
2445
4125
1856
493
1928
2163
4864
1327
3735
3646
3271
4047
3397
2353
1958
4392
3736
1420
873
2157
3489
1245
1251
3619
2557
2062
2662
3185
4515
4970
2974
1544
132623
462
1659
3871
3648
3289
3400
4631
3554
1638
4350
3499
2362
2221
1091
2184
3834
2439
1387
1281
887
657
805
2099
1586
1634
756
2999
1134
4081
3377
4446
1042
1699
2857
4161
2757
2156
2712
721
2928
649
3901
2478
5286
3691
568
4730
3223
2376
2834
3070
2632
4945
2947
3175
3678
1933
935
3554
534
1939
3590
3516
631
1635
4323
4648
2588
4075
3448
1866
792
3641
2890
4894
4495
2934
382
3013
1974
3185
3841
4051
1299
4410
3473
4972
2650
4359
3341
1596
4178
3912
319
2676
2627
2443
2695
4485
117938
1207
3840
2578
1010
1477
1142
2782
3920
4085
4950
1036
1087
767
3802
4729
2092
4657
2090
2218
502
2899
440
2640
4634
3124
1553
2684
66864
498
3846
3501
2884
1484
2108
1909
4805
1074
2478
31025
472
2268
17984
4523
1899
703
873
1988
670
836
2916
4606
4917
2374
2799
3709
3316
3117
259
3171
4642
3122
959
3325
2010
3647
956
3922
1405
1334
3925
4646
2723
616
991
2361
1487
2068
4113
2743
3120
4169
1548
2447
1477
19914
4816
3436
4758
3131
886
3284
4454
4487
3197
2931
2425
3956
885
3391
2697
2585
4058
4006
421
1473
3319
1844
4870
2413
4763
3486
3682
1056
1990
3188
1290
3327
1408
1382
1556
1314
546
2354
2623
4648
4417
390
579
2397
4177
4620
3233
4469
2679
2844
2370
1590
2644
1869
3291
1413
382
4094
4977
2919
4349
3619
1805
2145
2471
3974
3177
1689
3118
728
2975
1310
1615
3337
1545
4381
3470
2795
4909
649
2814
4354
3140
3919
2317
458
2412
3982
641
1004
4082
1783
1202
635
4426
886
495
3471
3234
4724
3291
2975
4821
1260
3823
3382
3456
877
2760
4357
2530
3509
4240
3773
3955
10332
4698
4199
2895
654
382
1523
25
9450
829
963
4572
2064
2478
3197
1120
857
1473
4458
859
4249
924
1727
2042
1334
4923
439
3810
2297
108995
4248
3780
4581
1456
4541
1558
4785
710
3680
3292
3352
3728
4584
2853
4967
3696
4853
9653
3894
4544
2613
1200
2799
4891
1064
2024
2874
3938
2262
3318
307
3687
653
971
4927
2714
2257
3105
1575
1148
2122
4816
3504
4215
1637
3447
4446
3755
4368
3184
1947
1214
334
3752
4375
2027
4162
4101
9551
1507
1887
4484
4218
4832
876
4277
1635
19240
4748
4372
9209
3435
2056
139
2588
1360
788
4157
1754
2658
2981
2306
867
2693
314
3689
2887
766
2731
339
2996
3795
3310
3345
3779
2625
1840
1116
1249
3777
4017
439
1471
3742
2412
434
2509
3814
718
1982
96680
783
2986
2301
3951
517
4203
332
1286
1380
2045
2338
1977
4364
2536
1838
3422
296
4863
600
4561
4583
2484
2878
99
4879
512
4760
2239
2445
1074
2770
7594
1883
4330
3482
3846
694
4314
4103
2116
1893
2259
1243
1977
822
4865
4506
2654
28938
4474
2977
1554
1723
3288
4259
2532
2468
2419
3090
3435
994
397
5000
614
3650
3578
1764
3638
2109
4967
15105
2406
3230
3162
1412
2952
2409
1465
2870
933
1583
3840
4576
3176
5654
3082
4319
3530
2948
3617
4180
1956
4833
10945
2527
2685
1895
4715
1404
2001
1369
2403
2759
4692
2765
2376
2628
3741
228
3589
2947
4652
4530
1618
1151
1446
3187
3226
3188
774
2548
2468
1883
472
3849
2756
4178
1770
2981
2388
493
3766
4020
1444
2605
396
3404
884
2565
2227
3554
1964
1960
416
3564
3252
4359
2938
3886
3979
4995
3688
672
1710
1155
821
4382
4902
1968
1587
1442
3884
1461
2077
3271
443
4765
1053
1917
956
4274
4763
2252
2282
4382
209
3595
4890
2652
4378
1772
3481
3330
1625
386
3216
1005
770
3472
1557
378
2878
4786
855
4615
1509
1391
1388
4474
6232
3143
1629
2191
411
8025
369
4524
3528
1031
4876
2252
1475
2932
3177
3072
2343
1028
4129
4885
4368
3024
154737
2418
4197
3379
3619
58343
4899
758
3308
1113
460
4302
3648
809
4778
2236
3937
466
4058
2097
1822
3884
2945
212
4523
1992
805
1753
3771
3693
3923
3548
4216
3801
2936
4687
463
2620
1695
2885
1200
2870
4078
1422
3845
4545
3663
1089
45917
1768
3031
966
4042
1509
2597
729
2353
1730
1863
3869
3173
3754
1185
3108
2346
1704
3341
148
3400
4503
2509
3990
4521
1428
958
3554
2561
446
2603
535
1862
4981
3415
2164
1692
3827
4796
2340
914
2968
2198
1945
3352
3762
1576
3559
4884
4362
3836
4428
583
3984
4524
1577
1918
943
1083
1531
4790
3614
1362
2329
2550
4810
8502
1209
3854
1989
727
3533
1874
2476
3603
2828
3547
2569
1483
813
1628
1899
344
4989
6775
558
2930
4860
3586
2262
1966
3147
341
1202
3297
1384
3066
4818
4646
869
369
1441
2533
364
697
1647
3311
1307
267
2984
2758
3159
88
968
4002
4339
4653
3476
3915
2182
3276
1292
3543
3615
3818
958
4332
1421
443
3721
3326
3716
2182
1782
3493
4457
920
4655
1144
3651
777
3844
136899
227
4313
2940
3407
231
3976
4995
4508
3666
4322
1839
4060
3942
3331
3939
4393
2375
254
4518
3656
582
3704
4778
2919
4848
3879
8464
4796
