49014610
25540642
16370
7424915
89203206
37735825
20927400
36932362
12649179
18908664
43503714
35048754
14588392
118624
43903726
46945576
16629704
29266219
69137567
27889015
26531531
38386483
40938419
34341164
42750777
11958352
94469068
20095920
17219422
48629152
16165408
46463268
207974
19831709
45884308
43649079
35130583
17356368
47675597
20000307
75991674
7469072
45128826
12690978
30446011
85992063
6495041
45043811
33856450
34461586
44981888
83391883
40437094
61580783
17054672
72578086
27342040
56039764
3739274
36794470
18853355
33173746
35052341
54689407
15997068
99884798
22109826
29738870
22803414
28400012
39914788
47050430
40474393
43122073
94378150
63244573
48222347
53538217
41577583
91173699
70114060
42923060
45187054
18279098
57082630
93517329
9341259
12533070
7767620
17888186
86601538
987493
21691028
31306940
40506736
2502653
39239105
46694561
38087315
79851963
5157709
76731564
43820715
32877973
12699770
6691032
48116346
65545284
81836005
37546944
55372177
7636506
72902423
91179936
50706270
41750506
15943887
6282498
58960255
28769211
39755079
280914
73842329
6640929
32017207
41528642
34439606
15998774
12746386
93815264
348651
11215930
80755291
27590534
9461067
19302429
13715790
81142832
53166201
21049759
25379767
30495963
542063
61301739
24566398
27876912
8989371
3358045
19325081
52982020
39951755
55034227
80566732
38550639
92187230
74976434
30557229
48041966
76139178
38317636
39934302
22897698
34209959
12805434
23430683
21725154
88047321
85283722
26792279
74684059
3361461
80813804
32282809
19883650
8212386
42003225
44271926
19531239
46392038
24154051
7924041
43875782
3107463
14065154
8844041
39964906
34721615
74218294
54034309
10306136
45677349
15621809
63375449
31880686
35157887
34133728
2404700
40142173
12846683
24417763
10144503
39940618
79042527
44697114
10032797
26525388
7085539
21537746
85903215
3039113
17960491
15382880
9269877
32755093
30625352
22202718
64914737
16922449
21524563
32229470
14166035
21852093
37493223
21761929
35334889
46812791
34961664
42749387
23373575
49317118
10129175
11404011
21210237
3764552
43971055
53133972
5894659
63151392
92917273
47587820
38614588
45903493
47896013
1907432
27256552
6467974
13505639
90487529
26644783
12479075
71021688
38724681
53467503
46521956
97507418
13722707
9197244
38689124
31688038
76390722
49267672
76265367
20345439
28687412
43255692
596851
55636389
59862360
19072787
15329924
5816531
21206894
61437480
33155104
51411711
25271774
21250458
5788336
9391773
1722375
26160701
73661133
42260114
49497640
87656625
93466987
92816986
40581391
96824550
20681303
21921759
14033501
13438299
34112616
3746040
19079988
11929657
33049902
18474957
86220109
6832010
37082596
8269628
587934
62627254
44913917
21353983
47751948
2582268
10087621
90277996
96315732
66398839
16638927
73784027
77326653
31381152
36157862
80697886
55176744
12103997
35739629
47034684
5042126
12192534
80620298
14215826
7676810
70524696
8774498
86001463
26062734
71446063
17204864
15928085
76452305
37290769
64270663
6450110
46916213
13289852
16345134
36760627
15460416
87846050
47034421
23628571
46049325
26848789
38913470
1827306
69665224
1023216
67438208
66438020
77528341
83976462
43795744
5103013
36344843
85105183
20967878
17704266
42231666
42299867
22580064
14132060
41539762
57432692
2785902
62596736
28159474
22272408
39549775
5609138
32756597
12660090
25811274
25189284
10373570
37641796
62622226
8948221
49196057
68997892
16848959
19420299
93264934
25226675
63966122
85728225
14130793
57888338
75653061
1661793
68359981
269475
23063142
16509951
31733998
26490836
11235102
50171949
69312544
41431483
92274852
43342325
15120610
7611524
20567795
2019527
7593691
97948914
24145974
3590157
46044291
23823930
43039272
35435361
47722411
24455258
59201012
41964670
25808887
76755939
47495640
19569139
21075031
20375566
845516
10931624
32135480
36722578
3678508
19738208
21865965
62300969
34972849
29209559
52282051
48612030
45284561
22709471
35276029
6930156
6599402
26776872
20885719
22870055
34956601
33741054
60704461
50181389
674735
7662394
86024812
19938295
45871380
30512469
40642875
41731105
75056961
4254707
39883913
1167133
6080658
27926694
38725576
19239388
25253865
25795354
84298283
6504454
82536104
79406105
22963383
98325175
59509910
3674366
23005903
35181476
21713194
323536
33488971
31723478
25105658
25974442
7696872
39389032
20966364
94651349
48239027
24981844
38187914
34424960
1009591
36744963
54196222
29064013
71697059
28402593
39789940
44136195
24655736
2437802
4409185
52827340
46440856
582455
9565211
22414599
80055053
9705578
35065873
30827722
41454829
19572943
63236579
8383384
14006051
49366734
34211520
6587921
35393057
46722660
10752851
46701132
74913423
4727628
14463719
32121023
77290351
70008651
95760196
28212070
72462488
25192729
10323123
38056127
24842906
37747111
33147632
41159313
5653838
10705613
96748719
91794921
54582537
14495238
17050871
33056533
3673663
77052404
30159875
18199256
2423470
1227517
20459623
39242804
35574510
25657430
18533630
20456756
39283235
79050467
13031369
33578540
49585430
68412173
24209953
86960587
34224628
76802136
54219785
1651038
92901734
92839155
37415112
20031683
4585717
32134504
47783080
49988529
44703074
14619857
25592277
48862265
72638418
28084923
2185634
6780319
14656066
46944185
33180642
25625844
27060570
46373181
45349494
96074079
55572428
73003603
40176880
88188331
20641262
13434671
70878455
26810713
37681338
40111161
11080132
48525091
19232653
16100994
13089567
82806058
38858239
46560031
22166620
27727340
96636423
31949714
28775173
22999498
44503291
75079829
12089115
42784325
42766071
19539670
34903951
65740282
38316330
19570237
95373963
44464696
35575660
16220847
27633359
43841577
10725085
99794960
32757580
23940966
53488362
48168488
48296614
20571738
92591005
61084460
43072604
76932369
30543187
9101565
30882223
61799568
12728869
65706546
21104862
48140684
35771821
12937199
1268044
39834001
95217360
33420259
46642985
50474250
74428426
46886655
86445505
26496251
40946003
12840899
24912610
68756573
27324119
6052747
12157950
46215455
40104869
45944410
27105978
2328925
20231717
92656873
17320555
38204548
79743424
59466592
46385702
15369995
8511663
90797839
24433394
9603571
99258273
32927136
27681070
57692628
19756636
47544123
92651516
24411495
12570522
12423153
21061391
33308785
16670434
13123261
22924553
8905081
13447806
35997911
1394863
11626027
21662281
81964938
5497434
57510060
54059070
62471740
53040281
17463251
16452083
10392723
47597514
16162409
20987943
5381446
1419152
46901051
36171378
98432630
93902870
99868023
31578281
60723218
46300247
694570
1254017
47772616
9100191
41191897
16666898
39170669
40408045
27300905
21328473
63033194
5381395
42823050
97913088
83227848
5400237
34779596
62505214
99513342
10197452
43466651
3362786
40631371
21339783
27900015
89776810
17232727
29678741
16775209
87510105
7458289
19622749
39578216
91697221
15598153
10198993
43093992
43044711
79371011
16645691
73275826
84878365
49678843
35342503
6250512
81324660
6551573
38349356
11774112
26076299
14934659
91387971
43623600
77967636
1308276
16711446
38210146
90570029
13343999
39598144
34620988
45330905
29081638
8310814
91340301
1756958
64968486
81616975
206501
34951037
84376003
42846311
20788923
21322953
10434737
77273446
53476222
46007848
12852553
45961668
3865785
43272142
17645694
28696002
86557958
2679047
42571280
15089867
41213906
6221439
9829028
44595608
92790656
16567640
48521997
14508766
6271752
42652579
41114442
10864311
54225819
2464505
46891174
41858497
280667
67756692
10043492
72906820
75244218
15381621
27831897
49715094
32190560
18608719
1826463
99380378
9577031
16858341
24445734
43346948
30766637
77027206
86264289
30324764
15032383
23517388
47016417
31544524
23226561
36919587
92799928
17753522
46449226
11936908
45544930
86313339
39970153
2066508
28432597
57377801
83723210
20551015
21934300
78586613
49698102
32630019
11581447
86827328
19881780
42745644
7769096
34060446
8318955
35448086
4658586
420286
86665597
71955228
16342330
99328573
43062611
59190585
96348676
43954486
59615194
43885978
52691764
70477577
6728416
23711751
20052751
4033900
32886151
32003741
15608493
30600839
48805787
74221626
24634652
33763097
16165927
42461270
25468869
6676142
75880260
89737931
40162184
44794721
68993494
17457555
10198057
16997818
62252942
19677194
19098113
87846100
21386940
44765355
28388766
85013263
32763494
83588945
46997712
25806869
5571947
10569352
73613943
15499767
21494388
21461602
29973681
33925813
19146445
44917669
20618343
27532278
19941924
4423843
32926845
37400279
45203241
11035831
19873605
11484495
20660921
98431716
4414773
40362683
35131131
14821256
16621797
33779691
9509558
36504603
9666169
39534715
83373871
49322862
81644243
13387260
21976693
94170481
33030208
2081316
17806550
37431857
35389993
82185249
49027098
24924626
81620582
15182579
86338774
26915689
17157086
99430061
39664418
13783909
37215993
26814753
96732115
87876509
34766199
31329563
1844534
62034786
9359663
34356000
67001173
17839693
4370560
66258594
14004273
39914481
91853231
54075014
96063389
24454070
32605350
1121328
19403386
33945527
29374887
75622889
4179797
42347811
41746268
49690379
17693679
95066405
909797
4383397
85576629
19622156
9914639
5626756
10674932
15365183
13188800
68306695
2029054
66939159
42829165
22876701
8224090
8624212
53841376
11520680
47470280
86191700
16052268
28702559
349057
55575005
14736773
32727590
50348427
22750289
90987154
4513733
56906159
22275889
57490338
19649186
52038637
88460144
3238142
26586281
25206917
35992
38045573
18463423
29422349
37232418
26260460
83078520
26879625
43998449
45052473
19810433
41908499
96559827
72325718
29129364
14766288
42399032
25097692
8174283
9740084
4761114
10036104
36237698
84147346
82066720
47162355
94362564
48752236
52026919
87399841
82992879
22901163
25342377
1125191
17813392
4000370
8339216
3846956
13300000
43497056
43516908
19919937
4997608
36735626
13418278
17913586
6451979
11228303
18270813
68568045
25697793
19777155
27006523
46403210
27777440
48748443
83781859
486414
1458984
49003503
33454051
67168345
43859057
96592120
14090413
3361243
41162097
44891483
18485053
24478886
14204595
5139379
75402615
5683332
23732663
22885786
10750006
36388348
16269228
53416826
29867749
11498133
676402
41166115
39073560
49083801
80169224
92944759
25358254
49347003
87216322
49904071
32846664
31217993
79745650
6303474
93639550
30239648
39150537
12820503
87392685
33673161
48857169
76912922
49050941
792027
10046255
20544936
576049
15473044
41893002
54595728
48467836
29176632
79403005
46379588
39247097
33762675
40704360
43213236
47462596
42330850
39133350
24494356
12301455
93628321
26196000
54640000
2833005
31168805
15605156
46292992
48028303
10529584
7853374
30794086
29879880
28782655
73283482
86571987
23561550
35337352
43056663
7537256
36120542
80356761
38484085
72735883
40137645
25414533
43202276
33632905
12542233
26035614
33576339
61429421
33303074
48356688
77941224
99555611
4700200
74315475
47444645
46474842
22008687
1256077
43955074
17626694
37134532
87689385
23760343
6641996
93924645
38321106
10070898
62158732
32857367
12189440
15975208
69071073
24996593
9076669
48648352
38511302
42070364
70154831
46533890
57240172
67392095
23919370
25177488
61898142
31564508
31854418
528187
22428633
52981830
3345543
75659265
20226581
96075173
66342468
26067084
68968388
8899576
24459049
3339948
38008657
36255145
12901114
3816472
28106422
45179450
19448689
85695103
48947532
92673640
16748319
8342866
2815116
19502265
29747296
13308134
27698912
28589763
13440402
38869718
622027
36652921
36074803
15398501
38866375
30410040
11596252
1622217
24853150
23302598
75202293
23770355
37964577
20426386
20394568
67337408
38788483
9821555
44715599
84625259
78239484
45347329
34311764
16952210
4659089
57983941
20443620
93014823
66392191
71362152
41655575
19456884
57324133
7001124
85021147
19394334
23425084
6626
41885296
11146903
33762088
44047094
3883632
33043310
93751099
73326385
47219329
24997141
3742310
22030953
12813228
95932099
53584508
25540936
25515559
12745456
24813811
15452700
51701551
28245956
54363210
4356553
82713243
13768667
21423395
21562755
9865095
26527628
37133442
43467253
20122932
13287458
55450432
25714791
22283918
17062202
7902214
39220115
65900140
53876630
91604667
67738036
91175372
35915656
22086699
60929750
77704034
37653570
97375063
18408234
48062384
26154351
42683919
15641242
87461694
67296097
66039580
49687681
1612143
24580545
49546273
26913680
34541033
2909361
8623062
41402477
13228938
36596104
8195464
5582604
74205416
36561460
33748427
47536828
44688046
48233219
83928717
15211922
9578949
2798722
7734222
30470812
14036718
55052035
19195873
91570682
85404514
10949314
45906114
40597488
36593270
79724743
74761226
87577868
39118099
40960820
32940220
40780806
32668040
74735428
2684270
22623454
35680799
41577303
49271263
28099071
37252355
86812641
26463811
9261119
36403740
39572046
16407826
16086794
65215927
58610092
5222538
34119466
7544236
46206538
22724303
30941777
64425784
28989660
47528511
48750831
82773606
47285759
38155802
65926319
68859240
39709762
49743992
42304175
6182491
84231183
43500567
68631064
6857083
18716554
9371968
20030768
44714985
19616523
12516198
31835003
77495571
31802512
35529870
55355912
60757147
6416662
57532110
769702
24578851
33808012
6712413
39077168
59577588
84125233
32272988
7310536
24250154
41977490
60637325
55866135
11615847
18331296
25434807
29971874
51179903
49548836
33693274
63689184
67198796
42622250
45152872
70976867
44445504
56459587
32803415
61688468
22623993
17096908
12178380
48635666
38556148
49457274
30261381
31926986
9871233
36084162
14049833
225322
15121440
34605476
97246793
86653595
32577626
23363264
97192665
93666779
30883500
10638005
35737352
45868300
424581
15009272
948061
59273852
16714367
8594149
58682979
88167453
67207178
34400140
87057975
35961063
29550706
67125722
26724178
61091584
48668995
2920300
42430861
5723459
17063563
65944582
2882452
24115138
90252451
17275226
77017536
56753733
30924525
39265409
19498802
22451626
37272783
27933305
47765530
44433899
81009490
80351680
33011930
67747413
55792493
17072248
18685869
43749692
36125957
41189833
19775118
2533129
49015268
38391777
23238450
9552006
2958439
29292699
23511271
10429683
252537
85513544
64419650
9308233
49374395
55401283
462750
96026356
9490888
68411076
16224346
38223868
18538897
35129725
20885754
4817443
85246586
22568283
14411505
37769707
16733629
21682056
86485825
86996727
485377
43119423
87967436
11534765
19102665
97583630
40963359
6508698
33718565
16551871
11930226
21074487
70405188
36794332
88567958
2007684
3798180
16309084
40617851
59530794
34701841
15331812
18577032
1828546
30530009
36389531
10422292
6533615
44966021
50332623
82088965
48972345
34106090
8926736
31349
22918472
2369990
18959166
36751269
73633360
36356779
78082543
12538098
37469198
1619863
20065356
4473616
36540747
6512218
29616322
94561500
61216240
43433860
86363340
73759572
85743448
14460485
89396980
68852740
57385474
40905595
8626610
18477142
30436178
26933370
1331453
22040517
23488729
49870892
30991005
22873401
81813194
68516688
75789168
49678358
57756334
71306142
19253048
60375526
15999743
19136855
42300139
15553052
94359241
13872122
2393464
33337931
31176073
49166384
14724254
44390236
6546026
38429337
41249718
61726119
32938593
19013513
81414442
33911783
37992462
77677508
20713283
8225832
15500988
49332600
36137125
36684642
20571680
22156799
6718567
86144261
16881025
10884255
2706548
36704782
19150475
33188737
31243103
39561598
48516947
27473034
89868890
84043028
41324876
14548107
59381388
4058287
49925323
47454022
23694510
59479102
21542452
93393057
23878827
7879624
30576126
53122530
2616938
23915969
43976388
21691453
20993134
25232094
2450686
45508280
3349322
29508913
39493090
11930187
95934139
27691417
30292114
43998441
3383408
71036631
11497703
34730141
24231758
39080186
48009510
45763074
72748049
65404570
5595917
47631542
3994313
23722777
11678623
45909507
34644545
22325052
85217138
24445576
2617381
22321298
92392291
9920069
43754346
71014376
37153053
42846108
87235646
5838011
34976423
34675387
33769992
99851401
13074313
20169586
2070551
23530000
30861699
8909745
17899673
17772381
88172016
58600480
15248466
24689692
31905918
24676885
28369784
42529482
73898399
86326563
47717251
71123206
55525432
13608657
31412401
27824711
37243956
35494626
41974929
1068001
12402515
75432708
48052324
18570970
15698358
4045987
18425334
43237698
26948627
78415107
99486682
71649398
89713418
28305560
46678478
43723544
43243309
31399235
70904547
1449708
69993740
40192321
35639367
7544492
26723069
91923409
40964670
95900707
2678160
11867645
47074679
96298614
32826392
25367155
15704695
2595205
5222417
4667759
41470465
40621897
35517407
47987649
33529666
17642775
14647146
23281417
99784789
7097268
27355110
10406563
65725591
40193417
39055038
12238316
19292940
51906224
60392718
42573344
12866820
19539515
40346590
49229524
66343695
59646353
63488386
15069887
51024133
21332675
13987181
41743989
2804812
70835199
34954539
9316598
71617269
29916742
14446134
44272072
44616322
38864115
5405544
45936013
83912177
11221240
62333811
24883926
90779131
8606484
42683401
21436019
25763659
22002592
32833385
18762741
64332605
3107555
34058934
29859580
30831934
38415939
13897951
58097878
9556542
4510840
30080949
33308095
39861463
6287804
86302824
89325374
16987128
68889563
58596090
8642332
87508913
3860106
10608517
14554829
11743699
25701817
6364579
7028712
41445938
66834564
69788080
29729936
18468695
32375414
65860894
13123283
19106303
94661264
13625517
61434683
17540076
45094616
26443746
9477699
81884473
45172003
34897752
96530964
39954096
3117863
12708031
99736507
28529866
24270209
86964172
12658185
6468745
22032837
16318372
1193422
12405227
97252730
60563672
22300732
20447086
27320659
47000435
33877141
34797043
8568967
36862526
83910758
31211143
32507756
95392239
31844220
9576510
80501561
6407611
49821149
41651927
44253619
41455095
4342807
41061778
78655450
22404753
31914290
95392633
29998726
28295843
66653989
7829305
97649551
46304446
29921969
82965856
1729489
2294520
68357539
2881429
28406638
29892071
9742708
91875364
80261294
25926353
90507866
22814680
7523395
46915870
40220088
92993337
19560465
8715499
47799629
29530408
12169962
48541615
96502377
94402985
6259227
18138204
35472232
73175204
32855692
38092015
17741850
5211675
4927543
7592173
16571557
56205700
16051173
1337763
27615891
42657463
24275521
62441394
49018397
34781913
7412168
76777200
97207643
71272749
41180917
1305777
28949568
88919760
6003990
34100383
22693695
33892973
14175537
40398537
72912213
42454010
64072127
46234965
9610017
29433016
12736522
3182740
18620405
57112154
6790192
37957357
80413481
26049616
44487615
39287120
28121692
6281132
72449355
31360582
47389965
23287780
60977747
35229206
5834089
19927156
88511950
88589635
56921727
45274967
33369878
8997843
97356225
68479682
56270984
94154022
45208039
42338895
72014648
20479719
49828067
6545011
10079880
32777022
17196118
10701263
99888766
26193378
16640261
62881048
1653401
17246600
35190084
5711076
56711481
35038230
79989822
18460444
36465953
26969722
20758577
6879433
63404293
77142429
9356681
8215204
95151769
45582351
39775406
79278899
69427832
20856756
23419886
76163556
18200455
87912268
32858701
18266436
84746980
1445451
34181169
20843672
34380272
32591489
40481177
20318703
71044172
34827069
72936940
4280329
19834915
84563456
13120295
29837109
25589327
30179293
78178503
49104313
13958251
12677242
61514531
37671141
18023401
20555016
37688854
43974386
11430210
37277556
67641684
63312213
64729575
21764564
25809538
15018752
19472918
45999467
83126658
44378731
45798304
50589436
5384808
72260619
11749742
44482899
11389937
96507433
90647882
20682669
6759742
34447362
7515923
18536217
46435414
75589873
35384825
4663643
11592541
84444987
31955194
53437551
9017958
80746280
15452211
72886874
24233194
12544105
14701907
25564821
12609897
3111871
84341222
42210221
56998527
17158791
10535551
9712203
90835386
37018645
32520120
93662842
90243707
723753
68122840
16829771
69433551
16865270
59904051
47556763
8261629
672492
31205672
20519660
57252797
17508763
65664756
29578970
90810052
25061908
91753691
74640709
1803954
23563618
44925606
23769178
43628181
34654579
12041240
14437885
47576679
44553844
9398521
11126181
42111058
48126768
29541362
41797324
20639829
38925103
40515157
2030273
9172814
29411118
67254504
36388697
3033212
13422457
28152489
11834354
342753
30949459
10354723
30316698
22796507
29211442
14290561
48982279
1177481
30489946
44824370
26789243
15705723
83809558
39624529
18759076
35470526
27723572
73336646
78646653
72531131
21892038
30487270
71721763
35194626
24335511
9687375
86489248
55241261
17259025
34633667
49999918
38824683
19363865
25598829
25165906
28796167
53013036
87887808
8861377
22284669
33788910
7116399
94860528
85268102
24460537
3337972
42274558
27832018
20680782
46955440
64072132
18710513
27066935
38089458
87847693
43723667
49330809
45629404
3291309
39881683
28529310
49583021
19337296
2390284
3397985
40601057
46593276
14925035
77746684
8375074
37010945
68738114
2456901
19591259
14404762
90330470
37404349
24965311
31048899
72843852
76951186
38674883
37485644
44615109
20469601
25639718
47273847
79740545
25707791
40956062
43492113
36923856
48232919
368335
48615836
79569947
32381915
27618568
31303970
41422528
35778160
49544752
12950349
49016735
6234349
77682300
71462661
29745091
4841925
12195102
31583430
20820952
35701380
33002622
21641374
34977507
40519853
90891107
1734300
895469
6186712
77548021
14608571
25459066
24322213
26437248
46838276
26696413
8223238
54532093
10384238
6651211
51795841
13317555
44683345
21385639
21202477
47827322
11917945
31975518
42760908
5287393
34483464
96609985
36716983
65778995
18328742
21851589
39638995
19559668
33193354
40454680
49726097
30772513
94402875
32928598
81606682
40987788
7924999
48290350
41079056
38433740
15932556
39600189
17239703
55083489
77059554
16052335
95841878
46159502
40248905
50780213
36204212
71412643
44316356
31963662
37868002
97477655
25584797
31198223
26469411
92680723
63519126
37552964
35901711
36547437
14109405
35213958
27820738
41519035
38934972
57659928
37505124
86976266
96517336
3070775
79501165
3589802
21143430
58052614
41255082
83586116
47237816
11857061
42457675
6973232
17044999
17600697
48986676
92889204
97691054
42110257
19722297
8368199
37834480
21238085
50253781
56962835
40018442
94780893
1416545
25218856
90868702
39068161
82648862
27532076
39435430
50199673
48098558
23282953
29541863
44485349
9999026
89264657
36671896
34154912
44033858
39140048
26555536
35381903
6580646
13159069
8886220
38953147
8280095
38503578
354674
28591711
11903463
37620261
9066099
707821
92135366
10875205
47930253
38370380
19402956
41350313
52350477
48261638
66785528
45902169
13973307
13776839
5810303
17701580
24766590
24152795
10953461
26258129
7995209
37117650
24281165
10364260
94412482
57578731
41257861
85976800
23306914
2992316
49816512
39093608
6572048
22946067
25577865
56169463
14017695
20770443
33271746
36718678
42628828
39521169
74839544
20639416
26574163
42218650
20859360
64713186
12276413
24801299
21922571
44181067
5996808
78642229
11221630
21054263
30509785
32055278
81187553
45612350
42263903
31825331
25675679
45760681
16719107
21756595
47830067
10506381
37972188
2946166
34118298
60079112
75717308
12760408
81497218
16811067
31783367
72050403
571409
1716777
29799853
3236568
22819224
8775246
87685579
9171285
20445722
24569647
37696330
44552829
50166625
49630229
74307945
8167067
1525194
32093719
28768983
33717449
20603251
97509542
36255448
48156142
2343209
3106807
61099891
23015702
40608289
49498556
39445315
34220393
25865370
7495807
30306861
3790171
65565212
25979318
26611945
8514853
6952436
2317594
2732325
52009364
74230859
27957446
5761192
74710070
34643892
52261731
50719745
61715918
25844193
16861819
48804135
64640364
44242413
37054629
10008814
32063229
11554736
69450565
9132041
58046135
23797811
14173088
25906907
48849105
44813659
38867696
9382778
10390912
10912984
94852726
34818567
12065540
26672602
20886744
13214584
21545486
23719774
1927943
28060491
58932894
83126307
47771726
93727017
69111902
41376971
65726260
7630328
11136648
33108226
27341548
37629031
96234611
36570833
5574752
1895810
44682461
30502496
9501900
47260835
25279274
4030268
2654683
1787183
23026461
43524431
8143033
68497526
32150544
48813321
44574890
74602557
83554070
83160832
22721008
27673773
19348021
73544407
30626366
71440215
89196292
12389756
21105577
57967166
4136877
96572201
10585167
14457528
58202765
35783147
35589154
10264108
46924927
52451980
34028959
37266804
53177960
18064489
32704028
3038992
37584293
49447076
9376718
14842137
9799038
1494033
21339946
23608796
38620846
54479396
88829897
9998946
90832571
22830227
8686433
3568928
44231632
16135496
40607431
97971235
76272779
7672189
74698865
71905108
16319158
27217395
19833061
84773309
14110563
36952385
15219836
4464079
28677890
48058089
48862388
69572322
80136839
26048013
49821233
950339
9539440
46226184
35684183
38170061
35832519
46327276
60767778
30817585
40798215
4254455
47160313
41693060
92585806
43230221
9031246
66433346
35692039
24788842
35994094
14974646
27915531
43279906
2126977
60492355
19379839
19280249
94424327
16491200
11381881
3773513
14717541
88365689
43502158
7353044
86037044
45259066
8409440
44843931
32957946
11621116
11738305
8885346
23882799
33667789
35228047
27377597
49215461
6996371
55249970
48935306
7654810
24321004
30483308
4556829
43549626
29808348
86364093
54322144
60665926
12171350
49412759
6920613
24978991
31594613
48282321
10068312
27577311
5476968
34169748
51219962
74426142
2388935
28798071
54396713
16941547
37243210
312327
66507345
40483382
20161081
9796525
45691283
31560737
28697827
55566
27944419
12154035
32817742
23404248
65954320
34504821
49033498
17367815
1514355
53888377
3230213
64943459
40247502
45662172
12131669
38931058
47847501
9725321
6951260
43053559
28335285
81791603
80990051
2857542
42190973
55407277
27120760
40973619
2919024
92234598
10324826
45693266
4522540
36001846
1776204
98602545
47347914
39764537
11723003
29688739
1301043
27834390
42716643
51458215
90353119
18569469
4699331
22697801
3489257
10964331
20356011
176856
73818135
90893503
26899254
35884497
42643677
53863635
10571652
31757206
36627393
18500602
8890751
78694763
19676401
24551845
66823846
17443962
41012755
14170975
19009233
71244145
34873128
73643899
33121930
69844640
2644854
20121621
17626497
19214920
18022604
37334570
47555523
47888077
14681586
1445093
43429130
88655321
41731944
10468735
39389871
86487186
91494219
8080331
2581283
7125111
51281735
31585264
4264795
63907258
49320326
23909887
26836577
7503171
23469168
3397515
14906953
1165316
33690946
34749558
79286972
36909663
927798
93040835
36332247
3663087
10593518
15517581
29519732
36887942
539469
571596
55223023
20775614
43669774
63519842
94791400
25649862
36287522
67450369
46978579
81882385
19744506
95106305
39189513
44993722
5190415
25338706
53715133
45545900
26589364
33469432
640493
59113134
3558277
27942955
99282036
45090356
31988675
4572118
13069020
2136301
35463642
46913309
32670871
85245643
69096716
36231541
80366097
13556682
33909675
34489544
41398683
52079212
48305351
24233139
31792988
6557359
37462104
6278480
40401446
62499710
45526479
67313818
98047284
27651984
6229515
48988632
32254773
1039703
36157399
73788557
46422245
62797791
88666010
97783023
14379291
75247834
25211114
20077053
74288871
17729002
52553976
15317329
17213888
36943343
9437689
91085352
57104612
40277673
12772864
80107229
9595361
41827871
4004508
31929345
31361518
15195068
96717201
31000248
25164960
20256266
7810100
34619019
58881086
3318383
3819021
32449133
76134861
98728735
95061314
32714634
46381590
7382505
9660750
44797317
45355728
61471707
49912604
32277325
47736204
11755889
14730656
43765784
34747131
64494183
45067944
22752069
37338125
9039568
19510873
57643563
5308897
9944674
39570741
9518825
65660895
6176324
29355250
86876377
29136334
4363423
36607750
37934434
84707027
27305286
92494054
22774620
28429989
7443680
27019359
76850898
34329583
80322699
96974070
49825125
47708702
29520891
29437502
20947332
20940033
32897830
2806209
36948655
86470612
30698205
47437681
17156392
25471246
83278171
15568869
42593512
5306802
40297665
37802135
423070
30467148
56624459
28680596
78084228
14509488
32067731
34119453
25800148
4266222
90379951
66913397
21228463
92190986
5816440
79539050
37860018
20884576
13144478
2518860
33303941
17696504
49844691
42018751
17347568
71604475
73277166
14253600
26526060
74720091
74143742
67033234
44265260
12163657
36976867
6040626
32543295
36775619
45204890
38503645
25473543
36061586
61996559
45224399
29548934
19997176
5614748
61336626
1730881
2881971
39636589
5139923
61888705
8179255
46775027
50402196
25732035
5307509
46135035
17002251
66924501
47279585
78791251
40255967
20231603
70428539
48564841
38810571
77832356
26388115
25996465
4625409
73326178
44664173
8934239
15403594
19986750
35043884
80329226
24928970
3178602
17053882
10699363
38980993
48168252
31086210
72354146
24094131
8628240
99229111
37716456
37728417
3047381
9669222
62244096
29955197
25892681
498361
98657875
42013336
16882102
91416716
10027692
20507243
28218019
51269042
562841
13910184
8009217
63180593
27830859
42466401
33491149
1262011
6149619
20436716
6373126
25367971
44989558
27580458
11484157
79210898
26229781
6353151
48627855
16889793
20755980
90448920
27901971
19740601
31094901
97359213
27912618
24190147
23827008
34463278
13402007
20640840
47242611
81853440
17191982
35039090
42972511
7640995
30210132
20676386
22716759
41145066
33655738
24570048
66164776
39459313
14340633
90530488
43147491
98031232
26718133
20736937
33160011
53868516
37455785
72116424
44906073
26605895
28310818
4708772
49537234
29218059
56147462
41002990
34520228
21447205
25441427
11423936
94984429
15784287
48808244
51202821
25880309
30068359
14599316
28043389
32853107
59835439
35904963
25658127
72512415
2746757
18972596
42293714
97353616
68977302
63760103
65738397
18629078
38515705
24577740
14143025
29963264
82566413
12033166
23273924
52836128
5093855
43024887
92005050
43573965
63529966
42367904
43011773
82961585
27876196
33141602
29323062
3414820
5920329
7542080
73313287
49590942
17615474
2566065
85719827
26995436
20947662
13093134
35407649
58458914
51745021
36588240
7898513
4932242
29484362
15662358
4956449
4018657
46911543
32763173
11604378
29595376
48584815
17688199
16237524
47397428
37581047
70466860
28206598
31709749
97545836
34800672
26419537
78826017
7462613
49033057
521612
7232845
20527269
87743764
62573048
60745594
38298385
26330482
835144
38263768
62373268
26670145
45024270
19830330
70005374
17056647
44536213
86856798
48467967
37506675
34538013
72430406
77637196
16907130
11736791
8124840
28496946
20287657
35837622
52833523
5270326
61995280
45573795
22761755
78744221
22397374
26380911
47174402
45903647
42710579
25368002
19328241
63257315
64105336
34961818
46135638
1338744
48670801
41408076
51772446
60787482
39063993
903583
26291791
37531803
63826483
79461593
17036119
35093663
24384277
39106104
48758085
26688499
9409771
2707644
8702108
14075068
22673388
33938382
35873361
30027396
9881792
14133006
44500979
14988872
13555569
38833935
3027491
7304315
85577602
54275015
47960723
1294412
6702825
7330508
44335278
38883045
35414001
20281980
54632583
44584121
13957744
45129850
14616774
31757947
46484438
19795186
2872429
31198913
16000569
17377190
61590024
1961838
28360105
27277588
17693380
1787720
50476752
36372827
22969311
61876226
60396502
39256291
2222108
12494516
29643345
27272021
30198106
46052446
44705528
13830772
37883825
16514840
12276316
79078679
85968407
93984513
10841591
44468495
49829800
46714009
43704855
39435833
7504399
80131985
34168593
5688244
41541238
21683343
91485515
34384346
20243771
26138596
42035076
9638701
34883583
31691718
97233008
2046170
20125882
57436129
13837662
71544365
8112397
88402338
16154862
16268290
13015697
38912159
1281034
36113614
34871800
22083988
62196955
97135246
38741543
89537057
48827235
86537141
24592042
16915542
24136707
48944781
19931681
22532698
55991613
68413763
43476635
61135554
21155613
84432175
37136882
35951885
88546714
21381572
66159786
83145887
48712168
11933660
35159164
33959862
60593160
23422359
9495771
70321432
21305209
11209974
67445951
60584430
46187298
17220667
14030361
2815372
5944182
36707924
62495998
11968019
14728669
10983126
20400491
41045877
65320996
1567893
28847226
23286263
37687898
39408810
92307373
1000094
44283265
41202235
16913268
92715717
3852875
86972488
7316389
49476945
72920687
29661677
32263987
20040874
34569234
66110759
39394980
22606512
17841643
37335813
22307050
78529660
96733560
36684128
9538677
31223318
12574111
45505646
29759928
49804031
33330576
28340877
35662081
82410806
37649863
94580172
9923902
38057442
34407065
13752718
26138108
27956396
12681797
76666532
14253757
29355837
6927895
25466052
13589217
29605809
2542457
54241144
16541639
3685850
14652330
14955728
35126252
36896354
16499968
82779195
11404853
27098629
19986881
3834959
74676719
64958463
63409095
35633163
34654483
65745001
62052383
22735984
30184861
27012123
65327527
436334
7470891
61650968
21895120
15282813
25550310
90576573
96945917
94389510
18750787
15877381
62873530
82495381
36888819
5054082
15552036
96366831
49065931
39117881
49312773
48874095
27772182
37082646
17860102
40257942
13220497
97723906
21722422
3138395
28107665
76505844
37104192
17362771
60512362
92114962
13543838
3776397
20532830
28291852
69780778
18259230
21489950
62600530
5387715
80117822
20470417
24800631
45829574
69671966
17348923
29295491
3520916
5031805
45828072
24565917
78781930
26997243
33315325
98790132
44794022
63453740
26245663
13382187
25516313
44658340
19748668
9228032
42737269
40614493
84247164
19247984
14848722
14730415
17706988
26027717
5512060
42513902
81003331
63267662
22827153
4313431
44096606
12034214
52196674
15178284
49029300
99224711
21597633
17722274
87268685
20450527
43579820
44165239
56195320
34513611
19524607
91445946
54483702
55605146
98097032
13443010
10291462
73079588
22199631
18009038
20340111
45071474
26202559
803686
17954379
18410656
35550830
75917709
27132794
26778624
69688364
47031457
20573782
40048163
8160382
44122254
35649375
40396195
8442615
26714156
36101648
27250103
13111269
8392345
1364346
49713477
69332836
82100523
33622482
2696789
84543245
46101856
14480737
31058854
36223374
2103953
77273733
92120720
99925287
4772291
20220300
20007631
62203366
4485503
30091424
19613469
96079764
39433183
24166925
28291204
34568385
9087618
59513707
56967514
19964227
54170135
15430562
1788360
68617835
9375336
1960676
34612647
12163727
7344885
28162855
47684680
87763310
28802349
38640315
9689602
43743921
11244670
64808194
38084868
33170933
42154611
74365084
1865090
21266149
49944750
12000269
32946464
10890700
19865378
21333508
17408641
25692348
60627927
33395160
4607842
20644752
82411083
84157599
32353653
31574822
4728028
47041840
66060805
17937535
11900371
66080947
81937860
44234242
35875241
71421494
23652773
34529732
26569714
5534427
88277704
3754151
46049323
37621065
1900831
25264374
29503739
77121587
6521546
48623731
22256925
36458121
35149468
54521211
44048698
39593669
38568505
6369069
29176928
12938687
73785762
21043320
40615482
30927786
12048360
4290889
9571699
13852864
39995257
22375219
22280124
49711307
78250
1162438
63417857
18974761
6032233
31995657
7476075
48084480
27920137
27886247
65842923
33301327
23722465
4368024
84457660
12325277
19092496
37136251
32800914
94685034
7468376
40333605
37629442
9112187
31670287
33366638
33178338
28126171
92493800
94172684
415539
6689648
42343364
45363858
22115724
24559034
70556316
7372851
6433940
70723573
98320298
38213092
15086658
76607567
18010125
6155794
99029860
94287731
34343286
10644345
94175383
42197048
1384298
99940386
68029849
38929440
19906751
31500758
3779465
18674044
5531834
25935976
42751581
76293088
89578914
21425570
20658708
59044578
45980003
88092630
5144413
27310113
19203618
44082080
9321287
93123792
29655229
40035498
47170330
42500067
4043291
63297634
3428224
8726378
42597538
41997642
59724326
18307481
71139704
4088645
37279771
97465209
9920693
69164236
1877500
41840711
81149665
31212872
23780117
64891911
15578346
10456254
56170490
19862385
46304896
1661460
54850879
35385196
83599414
22076623
96689572
25588468
22265002
48175358
83970470
51199652
55648150
28491934
39753287
2577493
46161523
48026182
34902397
47577819
44042157
48560073
26381911
1478747
26922662
24610719
440864
87173107
30119549
87888412
27785189
16585751
58927049
14209448
62595061
87178361
49924465
42321710
5461275
46759212
28264801
30367427
21106939
88156338
6755218
82593737
30672292
13423833
38395489
7973481
97939299
18976724
88866877
10934450
10201299
32048358
85279864
25769797
71544852
694955
42736031
25661941
24001393
77017500
94657999
6392063
8551660
6498108
45006534
47334153
39352535
48333434
36212206
41103608
28358570
75758588
34158903
78740960
70543035
34371198
3867445
20591987
29788657
20946125
11915927
47530333
22786431
45835608
98231035
13814858
40660695
41312744
17598318
45560149
38537843
34223558
78428612
9962991
3690240
55599098
5486695
11267942
38963830
44231457
35415732
81657386
10492523
63876435
4685210
20221863
21726508
8354988
1496190
28916920
5807072
38986639
3845602
84364898
7031306
74519057
31594599
15143472
13443309
15260938
27681095
99258152
19389095
39585306
44049139
7782708
36106448
16823617
22570827
48256495
47391295
71123169
38479706
83506777
11053781
20912311
43824930
33013367
17459019
61583460
65454581
28316714
82408225
40589589
24469893
47454403
38281848
88778891
37457018
11649183
54595910
87263190
20299559
19781203
8061896
46314853
24026945
11396146
21474403
8121671
95313492
31136926
15901660
47339007
7487062
26594094
32266546
6166743
47440587
60530682
32395988
29247674
45268
41926691
1603594
5859827
19207882
23249944
17251911
18517840
21658656
16183283
203748
48016793
87876291
25512602
26607640
80680776
60270350
31535119
3954581
2948059
53645932
69857897
15300700
44074106
46879530
16060844
21817287
34124436
69418496
59035153
59843385
17048213
18016324
35353301
25973733
17649519
9888100
25288162
34222094
21447412
226178
46476715
21488101
46778555
5236546
97577219
30156030
93785151
14080911
53660075
1684641
41784664
9216640
27392946
1281358
77071123
96004098
94897219
45506966
27051595
22490149
35808181
72431727
86234076
73855738
96564842
69064005
52998778
89800358
12447801
18687015
31238699
6455315
7395165
28860926
15622747
1842620
47656276
76587666
22825179
12116440
80879425
48302444
4871571
64416789
28692223
52775689
83845153
16981530
4663705
46051297
44433426
22502606
93603310
9711127
28717905
8168271
27633495
62245250
42948059
42880232
52238469
3644661
202824
51528778
89304694
1307939
3945957
36948126
32554610
61170200
41032186
41841737
12908368
32204025
8044255
33483443
2967175
80714719
30717808
39750962
12527238
45922750
27944859
47994484
19688769
46155389
17789787
17063747
31017009
48141438
33863860
5153929
7451044
42526059
21344179
67937978
42811505
99629719
292507
75136330
70329513
4785113
91282418
47379602
83293564
6441809
82131154
36847370
55702433
5694928
13627893
43742359
7880406
278951
44848553
59583213
8011318
54316734
95516499
3135930
9176506
33152773
9736864
80571524
67822252
13761178
40107376
20515491
4463165
97942189
69575989
6353884
14049890
20895238
31229325
14621333
41521629
45483149
23707215
27858521
17310734
40396085
15684037
21925004
69390012
27601255
45791321
45604771
47996904
98353489
24251281
32957480
78943742
45948568
49817846
9546259
15185558
24416223
29325217
92710578
58763641
72915187
42796943
41813668
21534647
7073687
49008869
13327346
46907403
43481164
18838647
44788817
58312195
32815528
41445883
86024214
5700327
3958979
44814570
28812834
42894728
68076568
89854460
19703425
54412511
66175190
48179175
73762671
5553099
26171365
95556707
34675276
45105261
33916854
28013452
9431990
41106693
11359933
72791459
7855425
3500430
23822527
12116353
4977151
7625614
38600187
26686300
9988319
22073752
21714204
46117247
15178233
43198404
40925555
44761828
37469009
68155430
63191981
19877073
34335915
47271616
31200562
12851895
487530
2881428
36879321
46512754
68735527
26206066
92422616
2044404
44319382
30687009
23410819
11169531
94036719
13282484
33787344
41322744
31172080
14356085
4259835
48311608
41102732
23778026
12077296
1764056
41197886
7863549
78970643
47788428
40019171
42735587
67927588
84858316
21556562
12825337
64342588
34011674
44025209
19061800
26565288
22670615
83771153
21177673
25394642
4500234
40927752
7692980
48077595
36243909
17578131
99850791
26995267
13808482
57101187
98588327
28528670
2562995
30026432
35034346
31816588
30222739
39554243
38896886
39648984
68711509
38537380
76494844
5526551
24844908
685680
27836798
23472578
23441536
3756444
29699981
52084537
8350650
1770469
12059194
44812962
49316532
6465626
48658358
12760780
33236549
20640259
52777062
94177862
42401513
30781479
43990584
59297045
72760604
43078321
64270478
8682001
45237563
45112450
6605182
5344573
46375424
23777771
30797157
43979479
23087739
21104838
76375075
36746909
65584089
33127403
99156886
24116609
18841326
62494453
27711175
39006335
56443395
94547093
40907695
2510735
78594398
42716827
35841741
29039703
32575071
45478172
3086402
16298069
7596151
66810816
44691114
56566973
2220585
37612509
90682794
18986635
19762207
59613666
45058138
18283568
48536490
15593474
26477094
72711134
17779933
45358428
47107489
68243235
38825096
4398535
17614974
48704008
48965494
5341293
27948032
32845167
40853012
20000337
11739385
33886959
30388731
56930902
70625607
32505196
34203974
17242531
46719443
56367109
93195286
45689437
91624242
41834499
68767597
17279189
31017345
35689815
4754823
5288541
23883096
28800435
16292495
10838668
8867210
4543145
11798089
66534198
63483600
28989324
29755217
18100365
46055262
21160256
96118303
34153913
60336771
41772516
16877687
17372166
73793180
33187479
2337253
25169888
39131542
80019408
85040372
13390871
350059
66222960
34103983
15558796
4314697
13434721
47734780
48321666
24108000
29666451
30515328
70974473
76406353
9441747
22295588
6203232
73574198
29720594
4442616
43063262
88608777
76938842
10447406
19706629
92249028
15373043
68706489
14571679
74915174
31772107
44922352
60657151
49590980
23080492
29558739
90713673
44159191
42909678
9738116
99727280
97198247
3678709
19042837
22806738
41031788
29447444
15495616
57199732
10492745
95155098
49166497
36580573
22902091
47815999
23099455
96327371
24873284
14611661
36710214
69724857
40589921
69083353
39915460
7507283
49899989
49357661
37831981
86705195
32084309
26072732
52828903
14636158
43385656
45560068
39600650
38082877
28431967
8101071
32459507
15621466
84333214
46290016
86184907
62355475
25114235
83395303
68888243
42662251
26990803
5785893
40367675
5544943
99702352
11685167
80541185
18416780
39915489
19836018
96149868
30789306
22691376
15154156
51826702
14179623
20088505
5563662
18964622
35835862
30503746
2976316
34907999
35967023
28311119
6425687
10076109
2196056
57394956
9596016
86329882
9740712
27402084
79444860
77870486
30924192
13669916
12225701
76461017
98124222
43119242
58639646
15293140
53604212
18441432
56152605
11059501
16878877
6499317
9513
19484408
67499073
41328026
26424561
88184117
11833430
37786632
79337310
11692748
7056680
48433403
11583508
12374960
6759652
48421038
61654574
48263145
42684031
76874844
38468664
52039156
31968301
99974566
11194687
49394947
94277250
18081255
44812113
19866761
5798511
85991939
43215170
57318
27426803
32439376
8387617
60185916
53677057
32308769
42890840
11075855
48186206
45790518
25113187
99907674
36255133
89881992
60266691
91526239
4163631
49882884
76788124
13939986
9232152
47343768
99844308
41161285
46952309
35882911
27010322
45935417
35091147
25300445
2763161
3450647
71422020
5803423
37903278
48479628
38569332
84631382
88056249
36415496
23906079
19447660
38203452
65163107
98586148
90099992
39864430
48294118
86074650
19165365
23304220
44101716
96327418
22508890
47106371
44972585
2632182
52075929
72476244
3910632
31970576
30005504
41337370
16542252
44436904
36031350
6681804
75929458
24258888
31923028
22059979
61002160
28216385
31543650
17675178
14085446
9816952
17395278
38955923
2705010
10711741
13177534
21327112
48635219
53783168
61150287
82023149
14278830
54821830
14409184
33915996
46336590
27836489
74250214
82581207
35849396
47046797
48350901
39559485
6821160
23597303
2644876
9122261
44339698
24373617
97676467
37469147
35630581
38740724
40965661
40538031
76392781
46633527
42058771
3712156
80109153
14326877
13943321
95242173
15505619
89203831
45880312
31799937
27357195
69575862
32121010
83765823
43897486
84247146
27037977
23860133
41297530
18477280
34759483
44249120
10702552
10320173
41106907
48919996
30111775
17139025
36425013
52817638
57738187
84195219
77486284
53264229
30155593
8689239
10441403
42548322
28810741
2669736
14548623
35723334
50859206
80365049
23684773
5521418
53659916
41120232
932144
35984814
46434581
17913426
20509121
27431242
55730886
19389640
60498398
41488236
21302675
86457568
5806870
11008853
20189397
20389007
25073163
59980692
3442624
36953104
26301799
4384534
41751767
79734820
8755097
77074705
41269462
24249131
6338054
9775372
10318727
3696776
91177964
78480299
5875661
36783544
77925447
41939086
43042598
26519140
40551083
30720802
21985275
735832
38512278
49549680
73512508
44831494
34006560
11688198
26472253
14283270
20558052
37192287
7522404
92507447
13874344
23484333
48296332
98818527
54651874
45923869
47735225
12173793
3196112
1267196
37410793
26566954
9852921
61690732
44822491
20985166
75521131
72647410
1660448
38582435
42606823
10911547
8523365
52892969
30407958
16426536
78343148
15058375
4469369
44545003
76533570
16765542
38131999
13403057
24772605
24562679
36080911
17471439
40459789
25890119
17234959
12833758
5783406
55783308
68481693
13347092
40961391
15309149
41229557
27520416
22448717
86278077
61902696
5240850
30376009
23573768
41052313
44510983
16713062
13639862
61262409
8978197
93681811
7476879
36531117
31227712
11270617
14468340
2628436
24038060
46661164
1156577
61900568
38108121
53719433
72259167
7958910
29452143
35300676
13310648
14254741
26719264
2075121
51536321
74944492
56183213
13325162
27109473
75699268
47698373
70079094
29614399
28096772
8733875
27590129
7537010
47015189
25680400
71663597
31867688
3570725
30365811
28633094
25815601
853197
40819812
25896887
95334848
44820296
15075501
6725594
21026877
32121556
5024252
97228965
23602180
10149347
42812672
36057759
45178633
2584878
48008171
9308193
16917753
11608287
40726820
34576518
79891438
33445068
41628769
3353295
8502853
42359920
51324703
4120143
22992671
53898933
4248488
87214918
37574206
82136218
36523938
93093945
74111405
67708019
63494694
40617792
12068376
33704870
23636949
35978602
8878168
86385601
37104540
14506086
91153596
45756382
6773889
6875390
46371450
21023553
11814889
21399602
55001080
43123882
11620916
58231398
845405
22836442
28653979
2776611
41004229
49925716
5603152
46180820
16963164
48159797
54911118
48617942
29498852
21351973
39672223
81332261
64870851
17180221
9475338
6052724
4825114
7557755
57445890
48830000
24304676
18001902
29747003
50714209
28373608
55714026
87778154
27091513
22580210
67779181
86127239
36488876
22438427
13745248
43871325
84139694
40971430
1599217
41496370
45445440
36947782
11361992
43111976
45572191
42385431
37417127
10069585
68425261
4571873
5181909
38701319
47903047
25999077
91119981
12037061
49065545
8844641
52937779
5837089
36235417
7836115
12419570
65578754
15335060
41598490
58694158
38230927
44914921
48404296
8220395
3572044
5284627
15569968
25379047
96243846
78151306
46621566
39870743
18848705
11649563
40658638
37873079
21235706
78039041
18194988
49231115
25736417
8717129
25664465
2852800
82536052
39807506
82395671
43613351
90942158
34638724
9791427
72375272
15087488
15566027
43323753
23520104
26654923
27860704
27907954
41963895
20291012
42914711
25436517
39685241
16426676
65013944
4414005
19545039
48077576
87299306
48667196
26826978
98070074
23517648
42788467
54011209
17680230
44884075
96636917
46265658
16466638
49749294
83693610
34703425
87778472
2481652
33882752
2709289
21999412
4694748
96043744
21708713
31968523
1467393
7812807
41146415
8132428
23271946
32878704
9975571
60715847
14726709
6958201
27870155
46429162
43060391
87001929
21250669
39084551
75075329
71275190
29121953
8464068
5339540
11355526
10443472
42926367
39315217
54748355
16825897
35181397
13628775
22163931
70551739
81384668
35425261
10125126
3472858
21813959
22896485
32307635
54105283
24123911
60394714
15061400
31985801
27310207
69320773
4472336
44615203
38357265
88976583
29502757
70860365
61201089
39796249
37969180
49846795
19066353
51064969
29010819
99339985
36466045
196894
72763863
68310812
6496619
20367040
2661675
7131729
9321991
44276126
78091792
45564633
71362880
28347426
58154488
8531650
1025475
77261794
19911458
70984339
23812078
88320671
63410493
37793870
32672470
20958706
511056
69482747
46812220
21862970
92559799
48747979
52482906
69722726
41150619
69471099
36923586
19299823
33706293
27402806
14702347
48326858
17739208
42840735
33255352
36683711
36167333
49677635
1997359
2540457
43267530
2679104
27350478
12860513
28277048
24134875
79126746
10875496
45439041
24826398
42877387
76350834
72610037
9340045
40978722
3334420
102099
47848304
54066665
9925978
46250446
25375480
46060396
63682738
33525625
18804795
14716390
37525352
58598235
5987766
27055296
9375255
22842261
3149716
46982141
88958463
98153563
39639712
9339274
48062015
28012044
33345033
61384296
33289669
75893033
14466148
52424506
23412701
77320880
45444939
41585917
24335755
52801431
13141141
78340084
36993247
31994774
38489529
4927054
59048374
2040222
46919699
30186599
21523258
5392873
81162949
73203486
71468198
8404548
22473594
37520091
44355138
73450287
93095658
6241802
79469223
20189059
34203449
37106987
92014454
41355778
87065303
45381535
48001686
9957667
45602135
36893549
26397988
74065430
39083427
32569296
51645284
36750196
19980498
528463
44456840
8926789
21900784
78629018
36719006
879799
25392576
74275932
27571200
15516598
38629416
18431480
35675210
48286204
11347393
6154047
35170291
36143932
79477713
21654896
27642419
91054432
11021881
63680687
16320357
7267256
10714372
19498132
47633456
55768654
97482691
11743635
88940410
28695578
45322336
98881323
20616220
18899991
47525864
2832279
24886631
62318756
984119
80464817
48411518
577031
8546777
72825984
66828037
51001628
20476296
23252846
47039052
87213074
93931834
33530345
78265540
82326681
13735572
91568816
31052174
17393363
26625792
34881858
64790477
6153896
91828137
1100599
14548438
76811562
19267032
3343482
42964916
4197132
49585638
6950518
74959668
25645995
22708295
15897880
29247418
43090108
15567507
15571792
45522242
72764022
20812282
16628216
639311
50920186
42352127
72116288
4531016
14561570
39097677
4840841
38518988
70780371
51473228
86706210
6249897
47680637
20701420
18973946
3001414
42267319
36808705
34576892
24345465
59504654
49248402
12763053
72584745
73825805
30232482
35412134
30734478
8545363
77647701
26320328
14933067
26577608
83908329
40044094
32401883
37676829
22394812
17326298
40067847
7654477
69346423
4884537
26037107
12138231
15775304
6144714
24142026
19097219
74981828
32530811
39743609
48898927
44959211
41487249
60193686
15967793
61251549
78805194
45175323
80579126
86730517
36837801
31587099
6940040
33640600
42026775
31364200
8983551
46962356
15798939
30903475
43315200
17780638
22096656
34978190
51810652
20602323
47739864
23167500
49861385
7133746
13219614
60460025
86156761
49057042
6507239
89345900
25457965
15883239
44353617
18413330
40613536
36360799
14043775
22796401
46810451
11668956
34293000
11388829
43339530
28217304
75788736
54712542
33718243
77801469
475024
93206008
30542458
47896607
74823275
35988059
48201110
5787621
9908520
932640
4396393
18975355
79952307
74983912
42124371
9033054
67188080
14752406
49925157
37892147
35916332
15976483
15177411
34169905
3673162
76399692
27202324
64593281
47531228
32226988
14588399
16938859
79035023
43807195
74129873
37256066
37426173
10168551
5330067
67043115
13985546
33436353
87408256
25167738
44544798
34547975
8138278
33116875
6742844
35966086
38962132
83752026
17438392
19752645
32165086
30299665
80940514
33454588
30953280
4863047
6886615
77150879
16285756
30762793
12151145
17175157
3731683
22027809
82852055
32432961
31595168
37449082
67781950
28394914
4134351
31826598
8286517
76358522
92714123
22818873
22786177
7937863
7159002
583625
21670855
93092772
7827700
34251790
86557071
39922795
5210402
95511704
42379722
33798866
44482249
92081276
39815589
890631
28411526
35377743
39616882
57667776
89924984
35940879
42616840
46326545
28805857
19649498
73213832
10007889
60037451
31426139
32813890
32966593
13015561
82473328
15697980
48619956
45131102
45391376
32699053
70438799
32780390
65488386
74468389
1952428
88691549
12379863
19523016
28929182
80288773
95069903
13772848
44630016
50538052
14366637
12247895
59533310
29399002
7385761
48659772
84991614
31556566
11936913
15859937
40431965
32334767
84300560
87279942
67081293
46234052
35224207
51633632
576579
23772390
6355865
78961570
4546725
70266406
98956583
7101010
24281223
36897923
64040969
26607003
16223205
64026299
38016419
11612655
64422139
40186547
71633676
92417906
13956989
65557777
46127505
41972799
76178552
32271583
89765562
37032928
15221071
46694356
14949458
23757488
55253994
25712137
31957579
9810405
29003999
65272257
44943793
6604357
5503163
11844378
12177041
10401899
35375633
98928201
42449733
24130337
33912038
45401814
72879806
84052001
20452414
37067652
45467287
63486448
62879736
31406586
1479668
5909180
82898435
5263114
4102371
35932624
47116788
23556880
30780993
34553572
39501700
98122379
9944556
12439285
16769390
8678585
29773037
6495313
93074310
34071159
15236976
33920571
40144399
45489506
55112001
7698299
19937480
19664995
3669351
68147773
25201087
75659701
38541170
60182454
66161147
69397376
36774653
3370859
26880686
67496387
10599246
67738220
30593747
90931373
37187376
20221040
27809014
81370235
70885296
22585628
26701592
59162208
4509266
30303873
41148268
27157967
58562661
36389976
75168895
7912428
26888312
21267167
35571744
91399060
11452711
85690111
31609805
44277574
4850848
94015193
4084777
31866098
15185972
46378200
25767834
48358295
97503961
57040159
38330501
27255136
17710522
82445981
19856827
49954958
21373516
31374966
8735909
21540618
80375658
40935412
29951765
22500739
2887829
35576964
39063854
16529252
2273050
10207593
20074255
73073722
18729648
51970979
35896579
1086757
89549409
41773608
39728418
33418719
77236861
17343554
8236468
10825711
15122475
52148518
49560431
19787987
43914181
80403520
41683880
4884731
3484799
52612611
83618134
48193244
17258380
42210115
10481978
46919559
32481136
24604597
34600335
80090019
36005989
68395079
14626870
63506376
91299540
53722169
40342204
27843629
10872788
43027901
5000246
45461735
14210695
97647306
51565437
71332042
17418425
81604764
24477888
25136838
34001573
85547402
44431853
9276001
26588040
26989996
12993618
21215069
14260007
89087360
51709689
10228704
21999313
45213260
13515244
46652973
68628223
34999825
49445165
78117240
94309410
51037711
20960293
30481284
43457095
73829982
4841858
65265011
10506066
9753203
48035222
15893851
53737468
24495215
62170994
24738719
46195742
41038117
18760333
16043137
15833107
36664032
60581372
49276321
46645059
70835876
18127365
7944910
23762614
94599050
16081962
69144327
91293262
85612740
37564850
386880
4068491
99556257
16099577
79209417
9566627
89360048
41057955
46531885
52004885
33286307
14585197
74806290
58547184
86560098
25844955
33932829
64883135
79755649
8240543
34305110
1159580
43744254
17372273
11454854
36798092
10470706
44095985
48400266
33519407
21378653
60325264
23489125
16118897
16199116
17699250
52219139
17878058
26535513
32796619
33126950
49657499
2133575
27369163
3589458
93498701
40773489
6322772
10012135
25142414
1231107
39659480
84334993
18215063
2406339
3175046
70102409
23818601
7565330
20896104
480035
57471520
16579815
15337833
96461569
2106863
24357963
5444273
8804740
51397367
26713578
18016359
10886537
14878491
17496730
8553133
35728171
31006543
31881307
48207211
48575378
89145268
86260754
10369020
68199205
2132884
31347812
29216959
24948657
1095118
20975650
81644822
19032315
19023454
33855125
9710111
54519960
34824123
46764657
13691601
36115244
9467814
81429322
9104935
8509375
38150827
16448554
27170287
76567717
42124235
57900626
98150772
98319582
19177207
30976097
20400225
52599592
84604260
11715179
65759924
5161508
38127445
25902
38848904
32446496
33679198
63700861
45548873
27583019
33793817
83917996
9654173
30906511
22070679
2796049
96510452
14817594
79417501
62456060
77751503
35663414
52699610
57777389
49936146
5468724
14687891
16451991
36895851
1026653
26600916
61500862
21496131
86288620
8025561
89781208
70328511
21964596
14473491
82874350
97041266
60635263
9938175
91634733
23718921
68949431
43793264
46065407
32725411
39155980
75971599
26392949
20413451
98896443
45490802
3408599
63695509
87302784
31787869
8707769
98797696
90576077
20173894
48165936
23361375
6407957
1967061
40224867
37486535
59618131
4126313
45328082
94890404
35903300
49125009
4139995
29838598
19253254
48909250
4705259
30650702
35383260
50672840
8046556
15044906
22558205
31635612
35976969
27597736
8374657
29594809
59565017
63735697
6505647
57672340
40349578
14731983
54106423
24611325
43446406
13873045
40562065
13335977
40941070
21228044
64984665
42472601
4431107
45249923
30371639
24239705
34673420
59145173
55749071
63234797
94356879
38458662
92278379
89747925
51316003
36165643
83816901
52941871
72288525
10827829
65597705
9773026
13725764
67152944
85257999
26230579
96689992
45086541
45930787
1659403
22150024
24889136
5443573
28467767
12350953
53540563
12067243
48818377
28967429
5283871
97264096
16726607
71766389
38649332
23510770
48739166
47552444
28845407
33005054
38070813
43062184
33970169
404279
42832416
17178276
7380115
39113704
59744399
4840966
78574417
8814055
17153051
22861415
19453037
91764091
33532935
91216835
32762595
39549266
32658788
14428715
25285668
23961216
9587089
49403010
83673271
27541468
21710279
40774963
86090018
38230596
4825488
61114067
47145446
44871058
61115117
28662308
49924817
24894122
8538948
3539453
40200816
22999239
29891416
11960775
70065242
53289734
98261979
49141939
4659525
19714658
30726954
97672200
45176348
41678580
39513237
19065714
11710781
35594588
46399675
13349604
5244908
79905381
31261576
61705190
98196549
28024604
66276495
37305629
12944299
12738100
56256487
59948395
14121708
87469363
35276023
7630238
50354620
18266224
29346939
63791685
27193725
44497264
39519479
25780629
41477660
23262749
5782439
5355115
37430691
42967385
448163
21615077
23416122
19349147
45173578
58328826
25585171
33742257
5712461
31908903
74300523
10747158
38788354
21812067
24486237
16565553
38937809
2543237
62500311
11619370
21965459
7157110
66849819
52929005
30260827
39352556
31164833
35408130
8668644
51920983
25400156
48268037
19043291
54449267
37804499
2247445
4286770
24461902
44843513
45306862
48817065
24570038
38450488
39449990
48232817
50067312
43047332
43217273
38182530
47347756
26515733
23952249
51014827
87549610
76979620
44918310
66297711
57747598
48812842
16198301
40748181
29185382
28724515
29030718
6372210
57016167
2961656
30448938
95553380
35140112
37474012
34881031
12338864
17426259
28723983
525509
58480797
6505893
27166828
69843394
42861285
25556645
8303631
87465004
8569923
41876195
45261672
72865711
16343090
25263480
26243193
13741808
68646410
23964212
84517548
39239297
77888117
14450918
9291626
27539605
8406655
17573097
1764800
46788305
26694959
3772779
26849830
65368747
31838926
83729005
13056817
1670929
17573795
43267640
37570497
33602825
42433013
78252093
84269588
21685461
48098261
25803104
37262246
63106042
4200888
72588507
84422057
70058179
21099238
23112473
64067145
8697723
37326463
96369101
29687511
45334097
82057592
66574315
27487884
38091276
3137377
24606120
29676559
15216091
37119774
83322528
26786978
36844889
50818706
14912009
17916704
7443497
75892328
20702871
18146538
31622945
31449721
38380962
10360093
26994604
21081999
900912
82617309
61605241
42912252
35163995
85341905
38763895
71191061
43369078
90473893
15554738
61534789
48765551
10428525
10060184
3333138
45380672
29358557
51951093
40343863
88506276
23141752
12263920
6453387
95417676
28896128
16211246
45846563
5549022
53824052
35194656
26574963
30697551
53275894
35576094
35488725
41416069
63046944
26619818
39531257
18155773
16357403
24817130
84103129
2086087
23031347
23419862
9817818
7470081
88464619
44347782
11505045
32436271
14674428
47987760
96211848
20248278
30097567
47978045
21090428
21700920
32299306
93147978
1950074
4783866
288523
96478688
43495484
3466848
13147155
35846446
30526702
34602413
16775795
149575
1677730
97847787
65727121
31464806
15991720
25134899
46164150
21593296
14592486
5776848
14207753
4593862
80436696
89834814
21049014
35684781
39374560
1993719
46990198
49666454
17865650
78629744
39337152
74419567
70742268
26869454
29756999
93488604
4274648
38817743
56764219
16965501
49552636
70716243
34968874
14244906
49253474
45446774
48725438
45804703
30022513
77541288
25060479
44044796
64451779
55693497
59306949
34602404
45361607
20966688
30741378
98806173
2101491
20286726
44883937
45696212
45488055
11063672
16426398
14998453
34564370
7690593
76682996
91529259
21654105
89569113
6193970
44349931
2498850
10020492
61422671
99211332
98895145
18438314
28027956
77068010
11117745
41859899
14944960
19090446
36732622
48094677
43714866
30710448
25960024
36873816
97413637
33615761
26187632
43892158
30802744
38232376
22844061
41225683
6963637
38384574
47383991
26643684
4510113
54843437
45656352
27951483
43038546
45140187
42031216
2599978
45214548
24261213
13192449
31805671
85140085
65984218
14482452
15828386
214631
81795179
1893088
40693175
59505058
22549507
5793673
34103017
77627140
67707187
1888555
30064329
32321075
39850158
8902204
95526499
96868954
59478383
49133304
67948950
36399426
77989020
84510709
49151439
93503521
24965387
48601081
28036090
6731257
21675771
20230537
45432911
35050448
22982631
14517285
41574310
99689610
79770639
171550
75812930
23255070
74726181
60382597
40557233
8808481
54090129
5538457
53623544
39779919
41476721
7529206
8432835
49734902
45187403
52498800
34208623
1830659
2878244
18394383
14529400
35400189
79199576
33127810
898339
7846425
27176247
94066673
98133753
2639967
55222130
74905362
32464154
15887493
61695
46853378
30565655
88591754
43516881
24228899
14695870
22768226
22332968
3407616
99112388
49745241
13780583
27050474
86981235
86913915
68891190
10708945
38585730
45178264
40056495
29199816
35696288
34020364
99777129
65309849
1360094
14396803
81495420
2169030
83373929
35976800
75119086
1064210
25361200
6567613
37608818
32006828
24499143
12932631
54113274
84462731
31668586
16229719
98511478
52822415
23324437
12259272
30746397
10785068
30989053
1620584
179549
53731788
8380631
37330130
40971423
40164527
30576317
77685967
78194398
79519877
40341690
34890606
46621818
43324906
7326408
9294311
1453499
48310779
90587914
30219143
5227628
23674512
71501858
39759841
21977683
35307843
27330721
38490705
18818521
6123165
5958681
32533101
60495711
33448326
19557265
37791591
27452303
39491152
12643476
1636635
38184873
6100871
12425290
68978067
36323310
5620095
27482953
25981372
26254672
30516752
77163329
69541562
97198470
27295796
15681691
44855286
8265224
2002678
45566205
95279515
38238705
37072466
45567715
93598776
4754599
20777093
50134989
8345319
42177394
17265663
22349718
18075349
42247109
17276981
52435531
67605757
22281041
49076071
48480313
37200127
36457579
60309862
42462763
22744120
13199536
38416873
578750
25257602
11572981
28874382
23603587
92988470
79154789
69939433
15833813
30209869
71338109
86849088
55354641
409805
22187885
28212038
61331721
35475656
45117260
92045186
34303069
45315431
33916855
59103849
23038346
31225504
23904671
20007645
71258705
62706806
61518465
63764073
17075862
32457034
28349932
87342947
71896977
38172706
6663148
740215
23656378
50102885
14771535
70556629
62366264
28573003
39390361
45537439
3493746
9532107
20260638
756456
45990282
58996892
79993761
45341901
25098858
19085206
16722937
10413724
49649710
38942679
34512361
75120398
11456397
88756241
74573375
14602021
52264848
2504173
45986498
63251070
47552324
280767
60581100
51329308
9072606
29495664
26933916
60554892
42067829
76469176
47689290
90188453
29072571
38420768
98361295
77640931
18890920
7890000
627960
42802336
95229712
12076843
17953485
22738239
94608444
8177122
48888456
68668713
76913572
6028668
30054753
93042260
38528411
32526021
25385883
1553099
49840074
11056343
16144156
29872301
45481093
33300342
94062208
49327179
32471065
4252485
81399844
24033014
39565295
58067795
5840125
20079638
16446914
29180524
11276310
2964075
25233327
17435758
63849416
4278704
15578442
1701605
51666989
28788424
48685309
18630729
30940560
34925703
11040389
25846609
30910085
56954785
27033402
76123370
64393033
18957004
2040358
92210255
93335704
43465891
17027086
68270658
12524172
47977232
66276064
96090076
90529810
97877243
20349159
36073446
22290159
60577506
58387124
19397078
11487633
22722705
15501355
60040791
38045123
21683975
47030215
43012076
27786648
85292113
18088854
4077030
94086286
41008116
81564934
5871001
33189811
94211852
73655782
20835527
45390768
26402304
233380
27347121
13708566
59130258
87370883
92547612
15112171
23102850
45791253
27008730
89033322
41383247
258493
33877722
37303397
99049132
31310828
38068576
40360039
16634059
36639492
22978725
8010865
5486970
62405748
35981713
64466115
10549195
59063291
94181747
74323144
8554658
33558015
38231029
35919661
34814191
19880375
15198733
8048299
95809760
4391421
377379
35100144
64264320
667052
50330356
71408538
35751436
44374917
60032829
24328108
11599637
22959456
454919
39490043
45206308
18732094
48117964
5183458
39592106
36793768
48267453
98892636
1733807
11908812
5609156
46745746
10674854
26141142
28540898
54933837
10629122
85965444
10308410
16289893
1742081
11348242
41895080
62010729
23126459
31488322
30645079
48849152
98280575
632691
39622013
17347531
9869165
41389740
38827209
40705348
2517924
84056404
89262902
36067915
74174570
88659794
96765954
66311671
1514487
63990678
32168132
37273649
63290402
44198350
24819681
18366789
57141665
76020779
17889504
11419300
70499685
5833905
49306427
47770835
14496233
59665252
40302458
34398745
92313963
72208219
35949696
10309527
74399697
19584464
8744573
1956763
57865071
37668958
10154920
10352146
61164433
13823758
84922706
86673179
72683145
22506631
60077718
77687783
13800124
15047117
11124840
75880082
95563442
37652353
44994451
23145784
3527501
91859960
77159550
29501317
6987274
1891605
11641053
19770461
46629037
23051489
81491554
37236206
30263465
85718657
22645706
32265044
16338932
17817449
35285082
15067628
6662005
86398894
5561145
89696077
60490991
52749718
10003316
32652848
28109618
3322031
35261873
48634782
6991225
70808853
12941169
16253685
13028061
41035934
68579136
30762808
57294348
40706024
55136849
31276788
66673307
47760526
82860414
79066923
90671647
33575757
47097875
754388
29452268
17171126
71739699
35580567
47214488
23425479
21679343
44554766
48245740
2449514
77802724
21431565
34952913
94636140
43016161
9704705
85542795
4618151
28141901
16662187
24769999
1252972
13766661
42962517
95924113
15432185
29434330
10335394
22627022
5027033
6956020
42029519
19059732
33798332
15748807
33419739
20031263
33253730
23464963
46683546
90652684
5803787
56455241
98168263
39569574
23749337
43270941
70078461
39982598
55909228
48679840
42993207
65463741
68168477
24867183
44063109
17099197
45182639
25962975
13669142
42215922
44597905
43157197
64863637
85598204
49544553
28232369
18533218
12618744
59880474
91902140
26619648
71943291
31659948
82782456
1206850
85090425
73102266
65960853
13049138
43313909
7363458
6645431
40613971
37136170
35059870
33520043
76174528
3432424
9972248
51578770
83503280
7368431
4900725
89777476
48651228
11925569
21628926
48466793
93371683
44234432
71667183
3585486
28180128
47619197
98898766
44979108
35406287
25648353
85750365
5255937
63217737
78693192
17977480
87158609
7816953
6131514
97569455
62214789
79727725
47242986
83529398
5133719
72601160
6423323
14995426
23595401
42624431
47806063
79616500
74162509
6293049
32913643
4082806
3275847
41343849
2040647
42034727
21792604
46181741
26354521
35730954
29727297
43558573
14810774
70279841
403419
42427848
21993071
40175064
41964135
34497758
59654444
23360464
21824545
99397368
81992631
34224355
93580800
86666741
45071056
25057088
73530424
16823607
32041829
24468750
15753160
48176405
27525769
49833864
60149903
83288182
31234636
6977905
92284987
44500509
49539712
18221935
4753001
19548554
94119935
47402383
4068228
54017259
89988748
735745
45056002
13592092
39958150
32023535
34035937
22913868
17362464
38592600
15219465
25103498
20505445
60317344
38070123
16118593
43973377
86031316
13499906
12825703
40254869
59787542
8105890
18751987
15888753
1292359
10496848
37710311
27467783
43571070
99188139
73137766
60891664
45660005
41844537
43128922
22137145
7080194
31381014
12420298
84569100
66978009
7942966
31655194
56947113
50816499
30607140
22281935
49739960
50217503
49780761
48265925
2007249
20105967
62466987
7414797
3820842
30614673
41545134
1097624
14901457
51007735
18436711
53497445
36440648
82497379
78174295
93555412
6023318
63664339
40506052
73992072
21418309
20701112
42181926
32248862
26548401
20010749
84651070
21159940
34536565
30457394
566546
7972032
21103290
8250708
33058434
57571401
41048650
6769160
6629634
18178852
55726469
22629625
29810139
13703366
26094184
9095828
33942797
24263058
35476190
44421376
37961979
98183165
18528658
51982634
5825255
29145422
53859530
29164935
27748047
67832157
16664242
99102652
32975590
28236711
20815747
47985732
6301577
14098597
23315292
13971409
70065011
15964152
22924667
9652566
15980004
48376844
47480887
50282298
50243443
74899270
87778943
96707290
93003146
5106492
6778076
6307452
45360486
22833260
25444853
38602950
47177461
81764455
49948791
16185408
4570584
40651848
55351590
80348344
41860050
33604449
34528031
13734765
22296777
14645602
9907383
30568158
38515500
26221403
3050229
46124475
4004960
23555714
44367204
47413049
86425250
25396260
34650073
40520493
34396333
87446021
64680492
21091310
10110123
48137949
66382233
7119176
83101904
34624688
19304340
17993137
37607608
29309912
45335115
65336150
7951755
36770720
21644139
7082173
18342851
17220888
54000627
159443
88841364
36744255
6471302
15348418
31276290
42429866
203365
44637209
39204246
11660251
34452465
4050414
95702226
20115458
12458073
17735575
19811170
77461884
66747928
11984218
21312265
39192761
8729592
3677995
27126334
30715242
29361759
47165701
31755881
5758094
4794403
47227585
6974646
16649993
78742255
50584445
14238259
41125534
13860654
28454896
41049981
48825542
43757671
65487507
87043754
44261126
5936676
23666982
43138802
12112543
6011375
41306952
20684051
90186055
85968439
1006569
23664786
29801122
46331712
17692954
2315731
10243208
22289603
19095939
38475440
3206214
36571731
6596269
36288623
52398714
33129548
24566571
35083221
1524284
10717224
32995889
84650796
634963
11382370
55898824
32763251
30743563
45171826
40590161
34354215
44471394
12210238
61679525
32615236
42953328
1009133
3262932
5714015
27903452
30916304
47971491
37402803
25453192
53945067
5979922
42558665
30158320
10039848
17995226
7769769
86279628
22509972
14536095
39274811
54220325
24742786
15585594
5276878
92612139
22582588
17440162
44425492
69500522
37841521
28353797
21457328
52305390
27850670
48919735
47179722
34181726
44489628
67535411
23389448
35483079
17685410
9244282
78475982
48410649
45668747
23260079
75132382
27259801
47361939
26720285
50934430
85453374
31100015
33146052
57499913
24248798
47149844
25587727
14884948
42558308
33121008
31959828
24812100
101639
62337381
96906155
69679658
39294281
35058247
70059904
9599803
85799082
6529316
57773293
73104075
34958116
24597979
90097747
48960222
1821049
15071216
18670578
38385557
4946452
35048965
16909179
27218892
32048609
26818843
68778885
18406949
58829263
94947483
47479012
39885281
10585958
95689777
42984668
8973919
73258085
79840344
41938871
2706195
49082151
93711930
10234281
36085223
5861535
40650856
30539417
29000810
25656844
91827392
44386804
44107165
44413773
47078887
3825612
84619242
27441255
16521029
50966677
7675150
84166022
91865703
33630342
37855287
46149887
947315
21962784
62081764
92484581
6056116
53783757
9326445
14080028
42087803
97369906
23885040
39487340
42005618
29192423
54131725
40233046
31989510
15375429
37921295
24697940
42053872
1536826
96754902
29901348
63831365
31636207
38073356
59937112
1200525
92072248
2486374
99800560
67160601
41569281
30083656
32836837
9173829
96366707
65885637
32967112
15068720
24784784
30720190
94153141
79756087
32579413
45955657
81271188
77918978
24474475
31482589
78206582
3232597
31072006
26261594
53308244
26055002
28493812
189126
30604634
44730598
21152018
96163030
49810109
29117929
31812621
19031128
9923080
32961307
23520828
6434986
58775690
17152903
35332202
17124990
37668376
29582391
11104985
45688118
34866152
14027449
27605147
5985312
31555632
68394489
50088659
43890843
12375755
67555143
37346346
14393667
55936594
49841812
7385677
73494245
27243540
1299293
15906577
5291106
25751176
32708073
51897288
44749927
44408600
16755839
57800480
70750861
41281257
79742197
40660590
40795372
18407894
42147230
42281308
7870066
55802918
45302061
24231903
13149662
25730840
52080675
17951434
49887424
4931246
29420544
18163936
36332175
30335922
47694218
83414034
97850491
21914417
37196375
76895022
51921684
26254883
28639803
62933845
40784904
5970124
8418609
8104996
19220263
49023210
8170223
79672279
12959551
8890244
78392645
69505926
71114588
54644773
42451786
34070311
42126394
40947099
4573850
96873244
45561666
24953219
98979034
21490790
2702036
78784476
38975197
40533114
29266029
44499501
561670
33360579
43234609
53168711
44867384
6935038
37025792
30392735
817256
3410569
30101374
64676763
46256740
36195668
62040441
43676902
89987148
12870292
78528315
45198840
28881584
890866
7455202
65189334
5399477
48033230
89613757
12221674
77609176
23036746
79730971
66892775
52700543
5440030
11703039
56584256
22791467
12457856
44543150
9882393
38034601
27121845
75844516
48380359
36446653
48615880
44886030
19172382
20838172
68949553
3017243
10244815
46148206
80968378
45258209
16152888
48101182
36038625
20804942
47130425
1152084
57450769
34069804
8369009
20502216
47355733
30287300
17662444
47939356
29987485
37497644
32605260
7890446
4015036
74029744
3782882
13761643
77921225
20007404
79647116
51820427
23173808
99347260
66482707
45956486
21096632
67609025
46820770
32161581
21043961
30764813
31985047
69908635
37232308
63344479
23696151
56664067
193657
16036380
24489763
55945016
8520623
18036247
40073345
11693371
55022825
2618394
2542075
4743794
32114259
12098419
36917347
47001872
87011758
43108227
71872946
92342324
15290839
11593703
80085205
34306187
19328950
10897736
55732778
6487452
83864877
6505174
74508875
17739771
37858045
55541784
43279473
27107064
24072865
67614278
29316503
29947314
11533898
22042336
60403107
66981382
37402534
6776633
97776292
2248675
4468139
39302552
35866582
50528240
20468043
16116195
28966511
29590678
21732527
84842879
95256723
86097247
44331167
944874
58397377
68438675
9244602
37105510
26435104
37157067
28418256
20566996
51536137
40251345
11312265
22715797
16917489
27504043
8781915
39324729
32586608
82437143
48886413
11521381
62535013
30041817
3828291
9641603
50790670
18937668
29056587
37410536
40538245
2481282
30977922
34373712
1424818
6272668
29799117
41448116
28056084
51966431
39929262
6772723
2692287
61795909
6633023
1317406
68932382
86888477
89500841
8390686
4798331
15388577
2877534
2491489
92678801
37216561
97713117
62687507
75834181
66109661
21021744
48449544
9223589
27134299
46583161
89881520
10648324
95576943
48792173
73495022
99486302
2534239
91383733
43594412
26136715
61812679
45130281
41959875
34407169
43349584
16791539
21304490
34539696
14161398
96240585
6869226
23377903
99077149
60248069
65435375
95575785
27626327
24342211
20780458
18931404
26135849
33636576
1551020
7997563
21306995
7020049
38895942
42888988
5486990
6465048
37588960
33684405
1335300
25347117
20842881
13258771
41374372
26511859
37079557
77954941
4406420
34025214
24259877
32382357
44039770
20622156
48628709
23665742
62446118
36392573
44266904
3881156
1301842
95029649
22339875
28474071
58775385
62128740
1456161
22871854
38169124
26580694
38675053
11326344
52724374
42043059
10462503
39844294
27742275
28626107
26745691
9242020
22932448
51403422
11266787
73856614
69930423
36205944
88675023
594959
6118140
14947309
48407332
44584917
92353430
17863654
36854533
82128286
5191798
34062647
50692336
106282
13541875
47085677
25883775
36539063
16175590
75649280
9781944
18596464
29414945
32620439
44553815
28982980
8308128
28176015
6011475
24833635
11069013
58264795
26473144
6740010
11061721
26863952
1160704
49144493
34960239
17695787
8919361
87834309
95858465
3175135
3641506
15130851
19013698
95843582
39360934
37952205
47917599
61246655
38225501
11027800
25230293
34079893
42900531
28631932
10160904
2029064
8628615
92234119
24938481
28865978
17503495
37346688
28013054
6036449
71671658
80084648
2205633
3600775
44705374
5526796
7218844
1027117
26508076
64287540
91771661
24430013
47586565
75720133
45000294
9096709
7963849
29853622
32919098
82999932
29976545
3144885
37814809
31444660
30937811
41139820
54020865
45082378
58175452
42088813
24431668
17892999
3190128
98150215
45138379
28803021
382241
50242046
37792965
29998556
90188774
19302876
29619246
10833322
67891328
44040008
74891233
45792652
83065651
21076244
22002638
42736854
56066767
48326987
43546546
29097686
25253277
8014963
86878421
41430957
78918572
33197389
47392128
69783658
72733329
12801930
65335632
4665010
34305389
48803974
1156130
95815881
41372023
66065995
50802631
19131906
61744364
4055126
87949782
25840930
2217934
61932416
39762719
33072919
379140
35344952
21047593
38912240
24370986
18298158
77370174
40457194
41831177
3313282
34293976
27529936
73669120
39283698
23891393
21292664
22762156
45650065
42439246
2139920
1918842
30302130
33628932
43109692
12683144
46575615
29906193
30004556
12681170
28721607
8957917
83635204
39194586
58876970
12918590
16094845
35447428
17230536
71208232
10726621
28881546
92204605
77397383
85173064
2398554
33114450
33705592
49289866
35652975
1922739
37664813
7797191
35882316
70526401
26289174
11714265
5174917
38853308
93207092
41784160
5749565
65709842
56462817
57752161
60589301
90238905
63273250
39030733
56726477
7040195
4956388
46226772
30468654
33709472
34967725
20289368
70991965
9778822
19539121
16757946
39826764
31962902
42988705
27747398
22871803
33624051
18517625
23848467
8057608
17499479
4572113
12682613
18283569
16033741
26406560
14759949
4239503
10560558
58439554
53823227
26992178
11998419
29345436
17515322
60025646
86776817
29611608
26861754
63901021
78347743
90765136
678784
86595045
41115966
43424033
42073712
47940912
24658149
63889083
65991561
5198013
15468351
44922564
13289619
82952271
44137544
38738301
13078343
23765269
49374178
37640500
22958635
95099815
5702561
93574451
40395157
41988608
35228417
37975979
31632034
37651614
9434660
29298785
13794516
24396134
19694589
10507547
36711477
19410326
11886798
17602101
24192992
17035106
4819875
97014851
87841179
58592006
23751528
28314087
5408712
9077060
54535435
12604243
52743115
19309280
21364819
18944790
14140650
63251073
2028639
44512517
16460067
99684396
15741865
49402143
66490484
62669493
43248379
43133621
30647288
13340241
43215265
27754860
8251540
51022346
61151846
66973577
46864811
43063042
8331290
23257902
9686308
8066875
69225585
42986876
18255073
36917025
44449564
56285891
73824610
41233079
57829141
48049334
59651325
713736
4412256
27076072
40300198
16981998
40286367
27686984
70567862
12246404
81400101
46966600
49100877
28422874
9702850
46137131
50579670
36188893
13963665
18127502
26463330
22268606
29353601
95692153
65083257
14190527
24373166
42922457
17499297
35924561
7432101
56606042
21912913
94824678
31635155
2076815
9004326
10190120
48240060
6186959
44104430
85548815
4801997
17247438
35909952
52415124
37036381
9116938
23759730
4093846
38339736
44141559
27001599
12649512
2217734
33578347
17482597
72263980
10632960
260905
81257316
44431958
2360061
40602843
17401899
21848643
55589696
14949166
31405175
51737701
45647523
26278799
27637547
17010417
78854264
79920669
4163537
45803002
17084118
31473097
4770123
2619023
78851217
506452
97845031
44450166
74130422
28443053
766350
74951936
67489507
8614532
83975564
72265147
43180219
20491319
23419517
39921077
47191168
12662326
60102052
30128387
15424680
24707841
32979626
1900830
71790749
46904549
86202354
47379070
90384372
45696236
5173078
3019241
6281998
49700205
21212866
30670044
30995746
73005966
26015651
35174117
61871245
5454294
22912431
12494325
46287249
34670052
8362625
43912367
74483788
4013410
16169307
82026149
42146357
22399298
24889929
46041072
9407249
87433788
98580488
25393396
77370378
80280541
25470600
44460347
47756528
47095796
61526252
99179845
40562729
41893793
72095673
38308893
39834462
36298742
18256874
39053449
57884130
28264059
26723973
47783119
69517306
46037775
13571971
97039112
94787840
45750533
31813065
48440477
27537749
610983
6203813
40851178
20944741
84096164
21792631
20856426
45120663
2409093
8758896
35430754
14586500
38422265
81873429
15451383
54436299
48817620
45272819
53514021
16782048
46796392
11552606
70397367
79917780
96648960
17641550
4633148
80035384
60436658
37518153
30945840
6227260
60866957
35805028
24386659
78486479
49086909
23491083
19317178
9915995
44924804
14733077
5541665
28416763
20837123
41299088
16880208
30962623
5605679
20852698
15490306
14549071
28835302
38939494
19823633
48127976
74478630
11358163
66856242
35337132
51467606
45978871
37463531
13182985
3422541
46294394
36808116
19391865
10530838
38413978
88215777
29402560
74921369
84056563
27886670
29217357
85209409
34214298
33597220
8106980
75510485
52554300
56783205
26418221
69936513
8193785
58006811
39265418
11260911
77634004
37859062
2384923
85531173
22168757
2770453
37018688
6000577
9149179
32861624
24189419
38662447
23135637
16101811
26641202
13802227
41698690
23797705
64486777
98556701
16638853
9871267
26808346
8625245
69919213
13504441
25272575
17317616
52400106
11113110
4900358
86639423
36690885
12489892
49122516
7371412
41074925
31409270
39952525
54302619
1007252
32545624
51519879
8118131
19668443
58483796
20175946
13858181
55750468
58546253
32540469
42068516
49696067
1730842
57240676
15600026
14199186
79526949
46734044
27986625
13097876
10291080
24337330
7735681
77498120
4767538
8216
49901445
35776444
42282052
24433728
72865248
48165014
99215917
35303369
1024765
72556035
44518896
26463812
15162894
36109594
88689200
62182984
24667181
30573669
2300031
99160752
80901580
4890041
77675874
79087138
14076583
13300808
37202051
86835723
37305837
13663206
19288490
27535491
46998978
25564492
30143277
28690794
30493673
21780685
538072
16829683
13063219
48067275
34044530
17530316
41423130
45435762
38281875
51632949
71234574
73110622
44362420
16662203
1763685
11490758
12369283
8103232
8749091
26272061
29487763
87030697
31158270
7549250
8685041
42519440
84381120
1880986
8391437
5412833
96032508
35214144
9650443
35064637
20606513
41573984
89545710
45124250
11142835
33859773
10284188
36827944
96613729
48883701
47795731
9034427
19894729
19297863
8772660
93069830
14408429
58414272
30897574
20961562
5483988
5830446
18242353
39904719
1898525
36964425
7018788
10457064
53978420
8514092
73669581
22663856
52073395
3679761
66880366
37932790
25369890
68535779
86213151
3683052
78854033
30276187
27735193
32593169
40661768
63144247
13528517
92253265
20958488
41891804
36897308
26388891
35118813
63927985
9667814
38222895
48130546
87707128
42324770
5097955
31589430
33243156
58970259
44950059
32987206
19288916
64345605
46105933
45740444
3447024
27530348
98578442
47377952
54869625
45597385
24163306
46200664
5308637
31568412
13193946
29723862
8804207
47305214
30026850
42411183
45719478
18093021
83079388
19722422
41951453
94367521
4532133
49055023
37577638
6410277
21572175
30071343
36611860
93894789
80108357
13327371
74014469
14290585
22109063
28156854
46085994
52294868
65032617
6928422
47521344
27861866
35433858
9297660
47271498
42974224
39369775
51569181
35582880
34200242
11057625
99047540
60920590
63552569
78353963
10123975
15752434
30481316
49781521
9278104
36959083
14072549
50615198
15481691
6899196
82588504
98043142
19047855
47197114
30211932
13084364
47413813
64388588
7122163
40725729
50889004
41426700
18731178
37456499
55780467
48048819
93372267
49463609
64408376
35731468
33070999
60848254
44519720
61382479
8649582
88401770
39043927
23208912
52536215
8729980
15014774
22808864
21413533
14351099
50474731
40292578
37079506
13296121
23869294
5218393
40534818
18332678
48370031
63142962
5667916
70908501
74603534
30380475
25050817
21449771
49173823
57331584
8688940
28924170
81862794
47334232
99688146
1730003
41616728
78354913
7280984
22218887
10953631
41827551
43558050
14209894
33782515
6809677
59770556
78045061
28471542
51797534
14610775
49907249
22315275
39968585
12389244
42757787
47101048
85047646
85302577
46384331
25492074
24595618
25735501
34608222
41459586
67402267
15347574
88854588
30614511
45691747
1605374
47552508
65677795
33325362
63740282
34997549
43959108
43678762
1829151
10001244
9349730
28019792
34078017
18294057
47021561
36294092
40738
26557802
233931
91236809
40258990
9470984
2039278
41635692
73232154
12552178
30336932
24530544
1673046
45737226
55946071
22548145
26165516
37598822
14947206
85909024
47080559
39478892
9402257
22357130
55591719
55044456
22579493
3695025
73823628
25782396
84975847
45876580
57111150
9199826
1047149
628333
34155062
24133906
20096393
10248106
19549406
12232786
14497470
57461860
32004711
9586936
67274510
8702844
26827338
32825142
54497439
39166644
82076557
48238316
32679062
34137066
7805707
6080177
38207119
12699726
4981159
10590436
42473246
28907760
44587504
3492161
12088032
18345251
46481613
5942680
18852408
27502241
61301956
2144016
7569029
18245089
16766076
37225648
64102239
29332641
9211495
27771982
91383037
48819851
47521140
80205045
50149971
14100646
12683248
12577869
19559681
23965689
4213027
70941704
36072911
16210811
1220548
67760775
9144728
1274681
5755205
23547447
31208339
12961877
95485926
76033675
37361386
6181857
78779514
17212387
305833
22974959
53657031
58150618
21886253
38033559
46796368
2076857
65207405
44824897
54262735
49418836
24254633
36962294
18857035
9124844
9682513
94689763
36389139
37366653
5563086
75256264
34682426
9300990
1727767
29349198
65791444
78604864
38200699
90856407
93046376
47464275
16827782
37072525
14605213
35553923
31178866
90397030
21015848
39861892
54232884
81991389
60752442
14220024
40922115
6786715
51890712
48080446
22633157
26595046
98718850
81572264
14099476
34996481
12170028
30976710
48707811
24143950
38184469
98968798
4156650
10616515
24136867
93214799
31159047
37107831
5735005
22629158
15129488
29084904
27110854
9710161
8413677
80813081
29839766
1762513
75031273
788145
92295851
31210485
25054007
47209219
15521955
86792953
37021665
15036448
37689031
71575403
97904020
28709133
97006106
44803498
41086706
4503799
9648695
27319444
91089293
21667171
28840135
7818176
46963515
96319477
64575227
24722152
41209676
59553969
28253910
11245290
25709755
38402183
22512256
11917350
49542273
34869553
80550975
44491329
23037463
33662262
17906820
21811122
27957061
21042535
30437031
14856139
18063519
10018944
93466534
99209817
34143036
40507758
12419162
14050151
41643348
27287380
56999360
33548682
12775983
25473985
39548406
30010346
72553271
49369072
54523106
26992385
16357528
7316255
26267469
69824933
34734754
5504395
57301110
44424546
92824094
49754682
13282645
46042569
17753294
71802780
56381557
41844628
35374434
53186489
31022118
33607853
25511251
91878486
17691945
37166197
15301130
12837591
20883434
57725029
93252847
46731825
39938124
15032836
10406005
14368599
34911672
44918776
33055889
8590482
23731824
8705213
39909582
4580175
75398007
53165438
20326372
29874758
42065965
11385858
16981262
23646715
320390
39501201
75701202
22380765
30193067
55148557
76494904
501749
28465967
14556360
11162125
2985772
43782586
21446119
71992547
11079816
12414996
47020381
37278583
31786732
20374271
92219396
78403164
24521235
52449239
84836001
33864527
47752638
21984354
42779469
9475853
78829215
48037359
15685621
27615418
51653113
9284055
92433303
16376571
82971482
67517318
18573692
40500793
22953989
5957671
29920655
4104945
52626684
48339282
2852283
39707871
72874935
41452258
31595454
39789920
16491429
9521711
8228807
1461519
5366481
83891361
56438725
23009739
12416655
156843
34966124
6034211
79178195
39514667
80854662
53593559
68843976
13205113
56060274
14109939
85374917
14540780
44589151
20136609
71185140
70685278
56472727
97331543
15771957
