94666190
3511259
84164249
26339837
71553108
40949680
85281642
71118429
27554444
66579408
6968428
30420884
77699486
62396310
36004788
72200316
13284920
14715908
15888303
61243762
20824031
65080595
18437422
64116538
94743431
19998313
12040218
48809461
23459833
24945631
23160906
29977044
90183517
79074001
36525448
52679581
68485988
4044251
97627099
81141417
46766058
92608155
41533411
43932063
51486723
24436073
82840481
49252643
44579904
66478665
34852832
59524593
28857209
95239038
59559409
27995698
88283014
13984444
95291769
85810237
33085010
79954233
64837584
17487172
32473574
96138188
86567480
43803835
59731009
86014283
70168228
88087487
6322054
41854342
42998529
83773567
37150080
57930534
95553116
39098347
45826718
16242261
76066186
14778845
88947769
72011697
83765603
4843938
2796176
44174312
90875160
83532429
40677564
29086189
13553890
68097000
24875668
22277582
14577129
68680828
48421179
16287109
88336431
21775205
30496528
79139128
87377747
38295028
62894847
42183998
44477347
55197380
28358650
89407338
35150254
82091147
35876320
63533719
54641291
41681114
65507750
26912657
26257842
97835517
1102605
83027515
81585390
96763238
20693727
5752970
32114562
68439651
86261112
33753448
26026031
94240197
99442627
43440988
19662731
36073653
49027585
55928662
35240666
77974892
18447838
87714554
53093730
11130447
56854080
78404988
16373457
6065627
50658806
72665256
5046869
17008054
74285140
30547853
83439017
63880308
23294039
74837550
66501079
69530643
86851763
69635750
84373235
67334658
34213738
16501482
41576037
20425112
71395258
66961219
72806520
70542082
69222542
62443684
8639294
58233678
75598670
39545651
60559998
73741403
64219237
38216878
56298200
75187116
85210706
23679509
85197174
20433697
53880380
16503645
82143209
28463985
4077521
81871099
97381532
2602312
51613501
3493374
98054483
39786575
33897887
72762186
55648437
87970807
96378105
44000022
84656133
10752579
91347061
8755623
41834796
5284750
27386387
20656424
68062659
5540791
37097220
92686720
65581003
24343155
83955667
65131782
72603092
58032043
36359277
58005187
27998336
15135740
73047085
70902515
71173737
71540258
40490201
6758097
44968842
37458457
27214557
89924022
91518214
73567425
40583159
94717536
74808638
28701719
34434999
75192421
2536933
55272880
55875963
76237045
19510583
14703626
62788520
28213127
4446299
79810330
94088645
92118327
65450301
6364928
51849611
5715353
9008348
4766786
90525596
15928287
12897214
83432325
88339431
58685667
13263871
97801989
61749840
76995886
32173584
36394680
10269490
78733070
66185872
44264990
79109748
56894052
15472554
54821106
14626121
83799370
75187997
84480479
63082883
49866682
16058265
50456428
53882995
63975483
62114243
58944440
43808343
93720360
8287471
7120876
66689848
88788987
95717096
48832465
86761969
29809093
50955081
71993498
52947239
48754164
11041584
1301826
71358366
93503567
22359477
45199358
79036614
12015533
15546470
57855046
53157214
68311213
82397042
69897634
24504856
96219359
51166110
55986911
77810254
34574554
83412418
53315082
57216574
52105178
34084443
18491174
58645913
99243316
23652882
88549394
75183690
30754581
79779417
39703885
38078081
16497594
6576768
98182239
33448448
89852791
3108866
55097558
31009920
12785244
56693866
43296146
7827820
81200713
29042340
45979605
94680273
70710650
19552400
58542128
71885974
33550695
44886740
1878139
2718306
70168299
21462593
68657638
49366174
93454383
30125087
79899827
82408621
94902502
63303042
31859726
11042777
36281324
16644088
69498202
45691842
37965670
48994982
49087257
62727724
45822426
56001487
22444637
54593151
27363475
22374178
18702644
98174773
65949207
1218859
25155681
37572945
51498545
9620232
83098861
99699738
42019960
60596632
33511367
36708174
93260956
41564422
35894355
59812217
40906951
35991459
32845748
75419481
86932018
69957341
77112281
45650240
73056520
71576894
34863125
99154666
5701057
66455568
94377545
30817970
58442012
84979856
5211330
40632114
30347280
70214228
34570401
13246986
1880742
41551246
45364780
94458409
37394000
58660237
46505560
2758501
90751840
8435390
38024355
45395431
74733202
52377302
18352497
54682457
34774135
65969090
58098101
73175136
8595404
57864613
60208923
67452115
12891113
44552052
82925738
85909005
63474509
91496522
79018537
25302165
4558393
6133477
50966631
97122448
27939878
92263851
79937373
49094034
19496944
60444381
92506220
65804302
43522823
70362845
55071677
26366621
98380859
13065313
54309634
96281757
46543726
32953775
88745893
56369202
91743747
54534242
18411159
47232129
76736445
59136865
76141835
43505184
90088971
14404856
3699309
69788965
78238460
57337351
22051016
4184096
75946162
30702746
43661862
2259140
15526054
55296225
39742818
82730244
72449274
22313469
84424975
85751849
22834914
49231452
87773865
89881742
8098745
38101557
1651258
46436185
97613293
88936336
91729043
23595808
71151572
90738477
18944263
76655205
94757555
85976364
19872843
6265581
77369858
74971380
36131310
25315485
51474594
33778207
82090825
98942533
71350037
11929809
10110056
23889946
94892214
75418774
91975728
42691816
2635334
8971540
98880856
64131109
23517570
85319970
46228462
21745547
2019469
82747219
31320798
20987883
81424801
40160557
42959979
47587193
34212274
30156256
24853411
83022718
76456274
56182387
11762220
38431871
16968437
83892725
25101233
51926052
59004915
66932517
69555585
14044131
99560638
80171987
10246267
75549027
90121007
59549759
37200981
27449499
55096588
98368009
32101032
68030302
29638389
34197871
74800729
7727408
36376353
19756718
70294613
3018155
5330764
81011560
34140795
41188063
43857225
61602187
68896667
53747909
16864820
69469449
84751444
39622923
85758182
93111479
79226237
87556038
77918558
15791521
57719791
28385693
43126747
23012529
46981569
25685347
70457752
43087679
78048509
72788346
73849534
24316539
33998482
99732847
40746656
33967772
51785686
7781636
89998497
68716772
32182615
39428000
78581147
98429094
55034049
68842969
45133016
86626645
56852797
8369452
1937856
68741221
18841339
3519511
26717869
6074268
97992425
50025734
94511317
4634433
1052826
9552420
44158122
87857303
67518041
54147101
3340829
67335586
34235653
85842817
20331110
20378748
2792871
8370704
84582416
26365167
61095807
77288426
77791377
52340061
63942703
9629368
53457599
31237977
41235292
80099314
89927802
17922044
30845159
76464314
93220429
57888541
8228406
54394595
42022960
89970906
82179404
4705957
76995762
51014803
1406495
74769262
86158977
14629061
94510877
50758403
67380967
5662049
64366399
60974759
11107738
36730458
31473823
88358227
74164371
82907340
59077668
68473963
10441659
45628346
65625339
77320536
66869048
54346195
51714565
38946579
85821551
96765790
53032833
5381614
96048725
82281840
7444229
92163506
48017433
59495073
41821801
17457922
86969330
82306891
43147695
54496392
38844910
83578094
25479932
92676470
65518924
7651662
69356419
46569426
22531768
79251325
46967500
78498750
60119524
27356614
69414817
22621069
94786356
44335934
98438901
34572453
66353429
57138986
13174677
49722073
67569497
81025938
35881765
10298057
69956593
35423779
34592029
11618606
90019495
27675144
89042376
34442117
92733468
45249642
24140796
72584139
21167651
71738033
22562702
75778479
43537281
6471091
50493270
24353968
27707031
31343361
70506401
35132258
95606669
73110742
3507057
93565050
29111237
23817624
62635832
55640669
90271518
26632978
3858712
84189868
15960657
25356559
72698862
68903702
88133865
92531170
40072563
9563009
42806240
45173644
6037781
74225035
13002524
76379824
84996740
69379582
94981262
42391821
55627304
74941521
58035973
43285084
34251729
56689847
66548843
24835888
82186158
76361782
77249075
68095374
68102722
86774715
39148350
25495873
50299515
43608516
32438040
91547130
15201440
3470665
42640166
3404160
36513138
43956556
28466152
41064852
93401391
89003642
26884154
13190953
25882546
84730893
68024798
95217669
61975582
24501744
15722834
32261110
19218846
95667987
74409547
24278113
72633338
87580696
20782406
89521217
62977043
63163092
49537002
96201376
13441170
22727988
93269824
88591488
20647735
56012463
78706286
46932396
98498110
83548296
21583495
55210767
4681068
79817936
75143990
40780285
20622938
12444092
49201636
86752629
40979540
15596770
74510569
31991041
72467989
65765770
31615433
69472609
60698749
41444143
9698233
82168742
17492092
85668680
35293814
74703569
27016122
33677120
83669155
77326886
91626403
44929938
77347361
64160803
95419127
38356094
1135476
62423601
25381441
49831118
52245036
25181684
99751501
33228709
63455007
60273532
95395472
31035700
7037235
94191969
35118736
30920029
24953327
40579404
45231485
7155787
23402702
38415997
84443563
55942582
67830482
5045456
64867640
25617746
6747226
66159314
72440861
76485607
52188675
63351386
28687292
18991505
8947174
15875163
23853093
75831152
54586224
55340959
12045815
44479795
91148664
23319580
88674571
47740145
39302151
34155147
45375175
56917940
18774848
89595915
13474962
95879433
76781607
85836847
11330325
77415018
16613671
98413812
46144712
20748683
65984091
43894720
19177056
72131751
77743675
83123299
56468284
29419243
71398488
17138736
75607750
14362143
93431481
50141527
9823731
96315528
41541833
69773013
15502084
17805569
11495792
13249721
36305342
95579901
83106747
2012663
22890011
36339257
23831173
96848946
99305222
4617984
63934763
6963928
78041755
96344504
15215467
9247862
12109065
46698977
92797378
40692880
93634740
13329193
9279818
98689149
66352579
45374734
48093691
25846652
52006515
44367530
44604297
16474192
24329514
83940044
9780205
53665893
4653829
54547865
53854112
43697158
28637393
29479749
67212850
37785385
68782974
43352542
55446842
5015336
99599000
36459938
3102396
75355261
63067319
50042721
69748343
98477895
12107291
19367612
9586929
90040300
48676339
38531343
78260340
16324770
48960800
44178894
28325584
65527675
42829813
34755505
1826173
14761183
5976451
57594735
12622365
52689731
52218936
68896191
2193209
4422243
96830189
88848674
63400481
94165790
63412331
45925107
17444971
18792306
17730000
84467885
59715520
70474486
69388033
66815764
8627036
20796300
78666798
32371071
39887859
77435942
88103875
12417917
22185225
47779645
23560725
91741802
88954522
80961531
92253720
63652058
81947143
72086462
14348598
18199685
28436743
49701196
29842509
49590421
8504015
93892691
60631096
37916065
47400505
34812702
72701536
56901242
52498530
22078903
89398584
63103479
10074123
86202049
8477136
7457067
80024535
64264133
58835118
55540423
85746687
21589053
71488378
1837981
68360405
68083736
42546156
70886665
88350174
4807641
50067493
30375927
42818554
49827284
96618285
60263982
39416370
50550680
62431731
82203165
83571416
34967379
27502105
49647695
74337012
15251764
40101503
74346524
48981808
4998727
31199814
6601361
81780573
38015795
59022437
5742257
49740019
91823959
1035048
58002642
68596811
34461824
20840083
76521021
15969455
46177997
53756292
87232481
85966645
21080938
98867586
46534251
69071056
77858408
2081466
12216824
54105989
92605992
90829821
61568834
91095712
31354627
91448930
19704374
42482564
43693616
64870105
99255929
23862807
67534009
11685169
11493527
69081530
60963951
36868857
6286171
8641182
85899842
85194877
70442677
81664591
99354291
1288094
11421249
38620553
7639303
72564293
6811247
2415827
85498619
40678608
76708110
69236735
29986120
25538036
1080462
41733364
69094091
30761619
87502334
96566622
1386874
38075851
65127294
50843033
21857985
35926021
44441956
12456775
66774684
43392387
69058561
31863069
8634905
47924613
74548691
62092230
52687619
59476515
59061288
31332729
67692955
95124702
20978329
56112313
7309763
1307001
61848491
84894048
29726662
28004935
64809100
82064152
98097726
95870379
35372731
98271534
63784689
36296525
72599700
93043212
66584396
8690886
95414657
28428079
92958779
89963285
76399108
84274704
79481356
26251306
17634133
75804036
50016556
59038683
62226995
79999470
68263747
61097250
14636962
56869075
56756245
87342472
66535512
78684485
4685058
98453838
56091459
76530790
13741097
52809564
49908537
60627015
44362236
78121771
90282101
92624363
36647527
21894308
95522286
95833286
99218898
14629459
60026862
56403664
88128321
76407871
93413134
83612826
71579964
98227782
7579474
78987299
15630293
31702053
80266811
9567694
66916568
75855237
89803996
11006277
51853691
48534589
18270568
87247335
85369695
79462904
94586676
44141841
88297969
81108062
56496178
72196742
96121694
37629343
35060861
96616132
60257015
13348831
17901240
38704111
27211960
37577702
71568675
98427916
43964334
27444944
94562719
3980715
8221150
39818296
63299703
54970026
35024428
82341782
36844175
71961405
81594200
64517314
92972928
21849016
24582101
12077128
28818311
93062610
53858915
91786679
79639024
17106072
64709395
71824509
41284597
60685506
77392036
6308333
31292938
27502924
97470883
12006185
95709961
35066814
77673949
23361452
97847372
47607857
66380815
98998220
77765444
28371796
10283622
21222834
67713650
65259039
5718609
45442981
55194512
9343728
60555981
28662661
16008122
66708367
91624044
39800192
92081132
70726249
70582919
52656593
19526738
81697398
42684199
4755053
68620733
96228715
41070523
18415225
31817232
29457755
78930305
92118797
66351533
69535924
47210779
1210730
80860816
84355851
74735745
34726111
8413184
19406861
1703192
11984433
40795215
41100370
95956332
15842337
85727475
68281767
17081990
30094818
78963871
70176860
91455762
21919484
59082582
84594769
91251238
56917935
27728772
80635129
51133758
54089430
86863314
75905532
36077244
15614419
84472818
76553445
21158359
96474285
87901566
86631850
85838251
45042037
43385485
97391368
65655381
17196446
33412897
53039300
80924006
18947170
9723233
84075722
1503626
58317956
43123907
67438208
45368567
2094477
71763688
9311178
57523076
86034466
36337475
70177502
63294307
53188659
63578299
61375253
75490745
57011415
61414001
28678030
80225876
61273023
51111857
33412097
69235499
94140751
4507338
82433893
37538896
83872403
9715381
47424059
96197601
53195348
59098584
97738823
2609231
65713300
41770679
55611809
91557863
83709138
95987223
30222113
92907764
2745737
38262714
91594615
26837040
98185876
93598749
3129761
3668727
68144630
13216157
6434255
50844774
50342318
66691661
60949930
78542737
73893989
84411418
67354600
93424395
2415993
58779831
96412228
91151517
21208330
43019752
71479871
22352161
28439504
82220837
86305752
64115620
72317804
47427883
57773801
29494072
67112893
27541292
74002800
27995854
72215502
66571571
18494827
82481195
22288393
26924339
11115618
24640423
27139774
56182931
37880835
19820038
85480208
18575290
61793298
33045103
56144494
17433860
68095028
17397723
60950722
44546121
82856716
84712083
14583109
93809625
25086365
51388642
1393012
98386080
73828356
38438696
44736773
13039742
52514005
23702220
53623310
40036504
81049935
6129474
25645133
19605003
37356500
61157214
48159720
65721805
72847111
84400082
93828291
39431727
8191607
36977235
52257520
81006887
30139513
47490098
83593814
40788101
9713707
46250346
3737441
15725784
52624364
49310037
66054228
21289338
78731338
5022058
80831559
79959302
72220430
75276828
86714837
90217069
60199181
86066294
8409800
30396853
11743203
17193455
43924413
1470277
26681461
64388313
93681329
41396313
4024719
96491246
70824561
40451259
58646544
72268344
49082480
79929498
25182919
31922175
86004609
46693064
54213918
28805292
34617548
69441932
81622216
19424903
26922192
1913800
9843601
7969612
8966087
44931622
63450125
95054977
11861385
59111849
14239805
51843923
47967647
78257035
10020000
81768676
71051776
39567554
48240200
94220606
32400069
33957003
84618679
85179128
96758671
89084982
49169242
21429976
56481390
80519962
44406906
93443975
67932212
5777820
71354415
19369478
46842846
26841823
79507580
10946861
44827300
95889348
75325402
29236186
92412433
24485314
7281805
96783709
25519566
37995656
52112449
25279532
32411403
97598664
82186620
85801346
86932264
84808137
43072680
57818496
76503709
19163562
83569890
99166874
25655878
1196753
33482247
9560751
29623808
9260234
47637293
7196427
24596957
94640361
50738718
42672544
56479822
70372430
30850742
51716963
90399729
74763086
5312248
18563764
24754200
11641718
8767602
77043882
40798854
28404193
92323378
73025193
67604212
45664328
39566068
99817213
87735269
27974508
76835227
87732132
7281017
4688432
82794373
34386042
10987421
49662802
83429319
69184999
27273614
43070337
68127810
56283738
22796095
27563860
80667380
59579513
38665606
56430261
2700943
74747391
82544714
87658227
31722999
54254326
88995110
74477469
34114507
85466896
96274221
77506605
79805522
86288689
89681669
86385273
35833113
7104043
46271108
39362289
91472858
69483865
84372932
94480825
77845968
14873970
75835684
96174334
14036406
60814340
36780502
48334276
59878421
21933903
86447508
64437462
93047351
51215209
47667014
55381813
39824065
95266699
46161012
92804202
15332752
44307030
7178165
20519935
1327175
53121200
83719163
82082840
77407881
38560895
11731733
79431939
25438906
90328376
54019075
39932611
82724841
76827004
74554865
16775659
87238596
99561046
58985032
53392244
92463940
21587445
73235037
83920510
7091475
35428236
52092325
63046374
95621970
48971243
46611286
24687031
52163811
99950192
81673175
42323967
33599866
17115030
48875008
68287714
1448320
34710802
11609967
29689184
23131603
23717453
73920171
10984203
19931344
50080235
45647003
4259674
11981014
7642575
51340480
69198182
27417189
2587613
63127976
91117641
14403734
30912095
67326272
18720370
32156656
18106243
44411322
71027505
10636996
19741976
62721224
7015678
10690716
15282940
76122352
88363401
65957318
15948175
29125281
73386991
90619225
30317939
38385389
5459209
35233620
75279719
83544248
97535067
7901929
45114932
53029968
25381337
89086841
42710201
68204990
51654700
10861189
14996254
9598053
13888381
23989809
44727598
24155045
17442150
7540743
32784930
9126871
12687098
61332863
2894511
79640871
2247149
72864668
96354009
4637125
55612580
15190383
81630654
87044984
86038909
95346508
48458968
69715637
63377182
17530333
33760151
34499258
71223884
90943891
89504762
63463033
31435514
21789157
44691565
31842943
1817090
68028954
80186517
6225386
87349688
77555851
59527174
83677168
77527379
86937032
28322545
96836937
70805154
98072498
26586493
84028562
90042672
24658352
36698471
83286572
36768503
56670771
32065091
34271086
66601595
88836340
93626346
75367253
61318846
16048320
79674399
91060592
62672136
86534570
36398554
47155703
30858295
82535974
40058269
48371815
90982506
96086728
84659655
88394748
84815732
60461918
34677086
27991434
54016747
17927263
39684406
2350834
6093064
78432586
16676166
73789284
6722407
43939642
44030997
1557700
9096990
54043925
62811791
95310639
9326463
72439014
20006706
72356376
75240072
35396433
22380469
60443087
35155562
23201127
41213487
15070399
38038559
78512036
7294649
44964604
91882205
17996465
52718501
16717294
66410458
83945538
12543696
96199307
31456548
86977248
47356993
96670116
67750243
5530917
19062555
80381658
69601679
18283166
53529746
40401508
89186483
20753032
59100686
37154163
12021706
66486176
88057975
42926350
10835047
62620037
35401452
58824724
60536275
53593343
38758756
75763474
12365137
92124055
24667774
26412385
23202912
80779924
8090588
84351738
42814657
29772744
30676382
51335748
21538910
51228687
34062920
87534439
30749330
5243824
58752214
21007535
75548526
66864914
12732103
26325057
28197380
52542121
74478972
17371427
62996279
81480800
65695094
42366648
89813585
25719477
50328709
14444387
80534851
93177916
92895161
9577581
52895590
34709258
86819241
88057849
94083653
85756308
36612264
96685751
94657227
68019477
36909475
71177273
31504442
28079251
41810030
70877199
53628825
56698404
14670133
34176857
50530988
82978921
8627021
50698282
14785693
74717043
89743598
35223351
40197652
91119301
12827370
28981054
67481862
50358648
12783551
29233995
25737128
15363415
25225240
84146255
15063002
49886912
10226166
81302851
23518249
63120889
63410601
22611788
89915474
74628266
74662647
32626952
76916017
76301592
6837305
71145624
20639959
31091928
42552897
32962020
90144505
4505747
61680787
86561109
56129102
78592729
32382355
44013659
52712062
70492716
84561388
1655941
33400744
36680093
60565725
95384759
15787016
36633117
1468793
95308077
86142944
80044030
4014849
1856931
37363482
76966473
85021022
48625723
98119231
69230813
19407975
12944410
79184343
8423326
64570611
56737520
62027096
46603415
33496874
46952446
61668563
46191661
74996135
84677195
55877056
90617529
93616235
17637052
95630093
92999053
57575174
15393872
37506365
75949372
28742134
63714227
93018039
96297064
39075989
47583951
10342998
72363767
9909916
71073405
40338784
88094193
61928227
20254657
38930440
6126435
70208755
70255483
35040075
74625499
8304306
8341731
47870455
87600892
19132368
14277679
41246248
56693597
29367999
63584831
1599956
37128791
10917594
57999606
21442465
92905234
11177196
82478786
97531065
76652442
22467233
5529259
55072582
87896103
50927326
55561100
11037050
87306091
41398246
29178771
87443246
21340175
67351212
74809515
71504443
97765198
19227502
83500234
28674409
21561712
42884686
48700643
79809214
51494191
60256987
18312064
25964200
85969255
5028275
24556362
97053924
62031786
34593507
13887949
40986034
28469442
37056085
12217178
34451442
36375055
17248632
60038659
3832482
93918864
95727832
54187012
71823815
90267479
67485359
88623395
50203143
22596248
17751701
6164422
1063672
93344407
63465230
95773054
30159135
83215822
28757309
48123722
69833424
97747455
13694590
78019860
92323317
32561245
8187186
96293102
13089201
38236970
67871359
49712538
8809772
30833950
40904711
84363789
84820145
76180964
30331884
40847985
14681725
68202608
19104510
59949728
18677800
44045565
15848275
14330262
49767115
76272650
87413246
7544199
50601762
33082129
98038564
11305086
43765969
33292191
25223958
39409158
27423270
67255562
13802907
92159933
28536274
80068449
74507997
10914717
9801929
75190918
70438576
42217527
33471613
53087725
73217488
27012891
39637107
63665347
31677779
30702977
89261438
70684558
13617414
89131882
38068454
34246946
55651072
33178384
21728464
19697558
66798449
11992724
21325953
14539300
72483408
81524544
13590837
70851950
18197212
51151311
34987139
67460408
33065360
25896371
91392290
36355959
23640271
76210457
13963108
68974311
92216547
76603273
31635181
88701959
76962983
73153667
45629515
51707092
53568384
17191722
37475148
45882073
28643828
30715665
7298003
92607183
36254312
12323548
24599866
90946748
71476021
46619928
42087972
64783090
70722643
94680035
37616233
64482394
19053133
9686487
22146541
72257423
87023072
60691395
58783452
47290492
76558181
20338145
39535698
21298578
52876185
36596811
63371207
86219495
87754162
49993735
12079200
44793850
27076563
37482050
2968519
93883496
6085619
13983477
93202427
58178105
79081515
89579302
56576308
18495823
54414905
86544072
63354298
20749714
27723829
28409747
81519926
82214369
13465993
77190657
78978695
66310158
22713260
70853377
45175561
61845986
74591235
57423355
85925725
45923870
90336230
62957585
86361704
16329320
37759512
85029768
58903975
24649102
58041688
13683592
45418372
32315354
31686690
72129621
97183271
58705488
85652102
91645506
93581498
28626519
52068342
29871866
96680235
54296588
13358837
11591472
12169736
96892706
33148929
23483632
39714271
89814688
96246072
19232927
6356734
46234154
69490093
74089866
18982171
30345524
73383254
17523357
98872826
19082945
14387129
2472431
31452056
34598303
26151630
37009392
32109478
10123348
58844027
72559306
20020145
60259090
60188852
88589159
45637412
97155790
74519786
47928347
56675475
72484808
60096700
74839316
76880408
59991446
81248504
13609602
62204351
85914273
39522346
68854315
12245509
74087516
11949491
75023330
36339420
25753212
36593183
30017082
54980135
4318800
6250503
95909832
81428287
83184479
40718929
57124508
19155713
51185462
88309614
55697986
14559498
38568852
54957429
1871965
95483460
61392724
83920613
9537523
30803671
32318884
54831909
88278292
86344248
96418923
64623080
27906457
11108465
33674718
74532738
80554884
34542689
51406944
10525106
82871643
97200326
86210624
96550203
94147657
10342414
51724254
36903202
57150320
22854375
94430068
81861455
61564764
45294595
3531770
22313296
36973864
71099183
89987266
62968537
22875686
57104695
46464631
36599674
89377481
71324322
2463770
30497849
67965325
85276182
42227410
98804014
33713113
81604201
30656083
87332118
6728839
3877018
22988189
90674271
28415635
75084174
17499967
59993398
43898176
53189084
93207795
40382635
85126814
14921677
22945038
93474365
20362329
99969003
19908166
75849341
38282314
24877350
36484319
87938453
54740697
65268486
70503329
68666146
22907778
79582169
53218387
23362971
4298066
46897370
88058735
97665768
51725687
44933580
90967395
88432712
37990093
27988751
44541556
86174822
52016469
15963813
17960475
2505296
88276117
85319548
39165711
14747177
38083647
25646552
4740679
39647017
1284441
12676548
11171483
99023273
18656044
2797447
93290700
63599251
32124601
25221706
28535892
31074635
7265288
93451187
74198104
80553692
30531135
72721155
87393377
40379728
43774728
77141484
40727789
42081329
1572434
84240048
90971120
31230800
2157644
2339052
15230089
6277571
88086351
97959701
99847243
24470358
2754723
6666915
46394931
4748515
39659559
84142973
45503533
69055938
68469909
85148103
50139072
26646817
31574926
14979439
20727303
49114169
89407242
13786409
5467178
39361355
30711434
5591261
87457337
38479018
62520547
47332736
80420130
36817797
23826876
35021229
93230461
79042792
85868649
90952364
13932872
32725151
19589150
92909193
26301058
4903258
49678528
92841182
19414211
59171838
45571985
72346547
90252942
48983273
51220329
13293477
68209437
54364724
70462568
51151286
48387971
43155424
40793482
88327691
95461283
59360452
75057771
85823005
87634906
9512879
71740954
13253720
1075910
19408809
97906153
43633758
38020737
70108540
20027891
72935595
8590526
74984728
3646827
17773817
28629468
69910322
35066474
16958123
51224317
40653826
81370947
76418585
10807148
95026230
44372526
21431917
72879320
67113750
49019992
32379167
5180781
75295273
38310916
58220902
54538699
73128454
44906587
86634416
41450660
5818012
12025288
35410568
30677971
45425979
73837308
30032182
43248496
25360834
51171446
84012269
57125352
29981515
11620408
20111994
92794764
50763831
76242661
53735928
5529714
81906593
47213442
3876470
14756185
31925586
54208714
58881343
91734937
35848092
94852073
28119618
78059336
33208817
61580756
58146529
35027193
31296165
93506645
82521403
85986979
27005406
37777359
39059819
4870459
17463423
64904343
90065577
10278012
23877115
38434797
74489116
18000019
27908637
38370871
4105920
12353571
59297654
56165177
73040122
10808429
94902587
13546941
20944814
82596593
93828275
91113180
30090764
7535141
66362371
58483019
20821098
64469373
52604530
57331468
96822628
42505662
89091799
95013272
62693167
83834364
92616706
24705629
92961665
58593794
26130144
56490807
20160685
92113143
95149298
48045812
26705103
49254353
96719703
89220658
13027471
6695296
24616447
73433798
78922581
94180423
96691568
27278061
1903471
38606109
11138962
95908383
85079509
31772139
92967125
49275707
9851061
98014017
56077165
21245050
46536236
19786559
65601264
37956845
48742418
50335094
6553039
3644973
32183483
59194106
12083148
93995406
84816580
89378930
61083755
90209695
2733330
58201580
18924089
86009193
55009104
72942886
76832182
50899294
29412930
82290209
53929507
20506179
83099605
73736551
13288181
59142235
72603901
94702919
73430745
66411756
88603219
88267402
54559530
70929176
30155027
32592112
45336451
68124203
8110338
58501296
70376143
87624462
23127909
9055532
68384023
10132642
4701929
18632117
90736825
79738946
38634267
15759485
62526328
66802218
65527065
13311041
45249506
71721954
71051512
94080665
28464928
14835700
74464013
33058850
43881389
53334341
56644214
62811318
58365104
9950598
47194162
60521379
27687325
35094591
14555249
69390548
40331408
40030181
12388562
12309486
15731052
39581466
58885434
31059879
6958341
29097007
13172849
72302190
13743473
57532347
26644552
63046655
16633427
65754274
87048085
33394697
78717604
69735196
30422854
79327364
54365661
35229166
41966429
73840586
61220450
47248363
18637636
76099164
77781689
55671661
89067689
29945817
44622662
86464263
11530221
74586916
26556613
26414313
8322815
31603378
51454992
74983943
11744699
40722803
97268510
18044988
99039976
87438024
72310867
71344517
39600716
21667284
7477040
5751485
59247565
95806456
65382629
9506148
28446471
20531138
54165906
40490321
60193079
89665005
16449909
3410918
70145159
51427443
21463458
31354907
17987788
15020611
15139827
98566440
31310565
17221978
56483108
70337223
5640365
14383472
60273894
14853151
56474842
59846663
39263313
24464931
70967414
44434154
62548539
1781278
64742644
25234276
67606747
58927592
30015875
87064065
86002831
82825880
38844113
40783617
97268282
69893035
65177154
67187594
62882621
30720103
74932463
80672085
89657162
61111435
12378025
48640314
69445350
59702842
89326279
3286193
39050630
39523566
73684497
53970684
32883807
1109293
81619011
23570497
12707581
98658303
13945478
24883078
47129149
92485412
11809482
63820981
77041962
65903859
27373400
78823894
85770641
11540266
57639024
87223206
75930811
59944167
59950859
11193171
5905830
35761523
66552553
67864837
13239644
37631129
26316945
42004564
78042936
56505038
6443245
33353232
8025945
6306242
26220259
32176351
29817027
22818590
64569630
44874118
15328110
79413518
96767751
54897474
97246714
98443911
83661670
56019040
91792041
28241576
79510655
69925178
78211445
57893628
68153631
33836828
32203840
72949343
40635022
7441562
71444677
56259255
74964885
9433342
85899524
83730248
66473469
83593924
4629867
86009412
75175084
8358075
15439661
47406883
85098849
99932983
20366646
42551741
24357652
63556133
59018641
4069886
69245071
5728039
20703046
38465975
14084710
92477740
76866864
75786462
71161748
75353576
32418219
58321561
9085202
42780596
63068091
90700728
15273106
18186612
44901181
49502198
79420694
81340209
93245343
59507818
73712399
5066182
59974378
79194186
48286388
43425528
83471973
3954075
92585710
80438329
65885249
63946913
63943523
68109192
54107190
71938154
55090688
25663406
67953327
76646959
21685270
24422023
22625931
48516879
47888726
8977717
72334018
50555354
19901083
99588001
58319582
51950230
20558146
66836203
25261377
49227867
61396911
86422248
91566134
77262369
17957749
74886224
91411052
96714666
6270985
92825814
50175104
92628674
25066804
32197689
22301603
26699218
78498585
7507912
13504708
88118776
13960807
26970942
47662906
33544327
84610688
41248644
78400494
59684333
27739359
80438380
8084370
39406021
19011268
53639043
6026533
6525531
7353080
92546395
12395296
10926577
59877978
97002399
26397800
19752605
20923832
27799020
9291526
69058158
72839195
57151279
6917789
70551980
79038011
65397788
83858362
11311584
73423167
77474349
70723907
90249107
93554894
52305089
12484251
64566456
34305819
21852745
58203781
95915562
15778517
74998183
59482126
3074796
95978405
52442177
39484201
59099095
42846109
95246760
10509886
98911630
67926701
97088429
88232053
15123988
55977241
4266323
72065295
20540916
39766761
56404160
59541269
75490415
80024117
95774376
29820784
46875973
82502576
5159211
64805948
54499692
38055329
25238326
58065005
68758321
23368742
40705348
98380815
7526203
65441431
47299484
10414951
29326969
1290087
39164098
95940208
35817482
97338398
47543900
74245911
62940266
99575455
14900928
24548986
53938218
26037733
82451868
93153033
96055391
92916202
46222130
95370807
42375621
35730949
7145789
52444383
4980751
39081968
76485979
50858391
32770397
94733287
55934750
11244788
62190063
87912001
47348177
22899070
30878090
74550496
89130628
31381213
73673146
79517091
4461006
77109995
93206098
44329693
38100607
48703921
21019174
90362922
15409466
25956414
69035281
77986095
83026638
87129713
49228403
93852939
21797278
81795753
79260312
58547835
34317589
81665510
64229614
4013993
5324585
66724121
30420030
58235510
60254131
51161778
43352391
65880577
48654343
53955207
37704159
28320583
36501599
73109726
95666730
65880621
14307424
5159974
62762680
10330782
23311517
55185907
89483882
40403909
90195985
90735669
66225012
97122224
56195807
1221327
20628035
62330110
14533872
61195680
50425614
60277672
59420701
17810150
41668156
17102257
68325336
41710164
26884046
76076757
72715105
66229677
69542311
87594933
52783680
99089341
48566666
26918922
1782133
38331128
56366146
11181326
95916637
24881286
74173362
55500178
92907287
70093529
1523011
75915184
49123949
3300791
29171750
32728305
69143498
75446931
1071086
4544037
15027381
88217700
20744385
67045499
51825028
7640460
74447855
87792087
15439159
84886104
4734327
25480944
8343835
2927343
27767020
95119560
11271590
31596078
71322364
26499748
66397586
50414946
2625286
35712414
75104056
53508335
46776797
47641288
36060520
18553249
82312294
65011864
99461976
84346923
11334387
13681577
40678116
67377665
83067098
53519850
2317038
67680473
38416847
35853191
45983947
43056675
10716459
85724474
52936361
66836405
19812220
80204440
1785094
1169729
19564559
44705701
30271099
70734454
67518697
21730234
60975192
29041826
71435162
20907677
75163543
59061588
72732971
24026859
85915336
9203176
36354233
7340555
60972005
96193715
8529737
76646894
88763323
14767451
30759500
71664576
7310518
58402548
38784376
58724290
30782952
70252872
18838356
6968681
7430470
32129692
78438160
25275910
82478169
91748986
10761535
12490412
36769132
23277194
62835845
10668524
63687822
83138785
44558134
56390751
44314660
26073484
70558023
50102940
33383720
61741862
24781554
43913106
43551188
99112792
90924616
72721281
42771851
81608493
30072722
38064548
53173144
76152619
40924543
81235477
86003299
49382785
7325131
78988522
71641876
77221011
85756317
48088076
87277988
91292705
13617258
64917991
22620554
99200898
73158521
98493634
44006886
33172970
1364974
29836522
96876112
33773070
99579678
78576785
20702625
71276075
61256315
3184240
16570989
3286144
71630745
6909911
76364487
62591373
23584180
87631807
12953879
91347922
20187275
75739277
54030714
48065707
66961858
26142179
97457210
65721236
21052261
78731888
8973875
87299633
82028323
31264531
71947568
12225046
68851845
22169814
84955699
48531849
51698492
45243647
16450250
52935257
14901971
24168502
38112875
76879705
42285350
62333227
89961905
38935425
93959324
71314080
62921397
30094912
42613185
4606867
42861054
93235514
80291942
30015188
68400603
39283147
87954997
22256550
63598723
70794120
40676363
59037648
18581636
50750348
21150059
89957408
80316704
65144053
51840950
86455734
52412552
79740228
13372700
82513250
17096788
25937613
11275191
36679822
20845589
31994458
95600203
60681559
23949717
17232535
53221563
70386260
19129037
60586110
92030282
96182496
16273040
71840541
96475990
80835019
87409517
81761137
29500208
76415244
45644912
17506171
8387791
79208388
84787131
29139936
37718750
89369219
89038607
49315829
82801007
90354605
27923892
88907357
70338101
8604681
86792194
56458170
25592578
40792040
17024226
85488378
88659526
64324705
38340316
17757377
94090943
84090552
9603349
17875214
82319402
11362765
83576888
18946350
40763588
19719451
61917350
40636728
82074341
79285983
75955638
95732659
38022605
18658984
68780625
31447650
17434725
7580031
5580949
94700696
59189328
7255146
82824132
73424774
80698839
98293342
15846173
6755269
1288581
78150289
99271176
40333210
93435283
42271094
54903979
88289497
21381751
26481553
31885793
55813262
59258032
82524285
52463743
70502308
5524595
77638995
19474483
84923956
7159682
27867128
77241277
24996211
15286770
51194335
42403453
3620468
23214658
61784567
6127725
24786487
84496863
6731077
34085194
68834406
29676400
21861468
48288838
99210194
45033480
22244005
58166615
28508222
76019446
30430266
93643345
87864363
23295785
32809774
62669232
85255156
41802218
85794938
69152767
92631127
63655138
47485628
47714649
3992980
14373827
76535080
74406631
61730480
69707692
65002153
30127682
58407548
68224902
22249893
5048383
1658481
28989688
96661748
95422108
48020072
70325033
52584900
76420189
94575692
70967039
13103706
20018641
14298383
53849812
11445978
40483159
18559120
28799824
7756885
50527431
31723821
43475189
11046826
99350822
85417593
63424550
98971149
72466640
81436250
9161238
95103423
78823219
86736529
64557492
83970925
69358841
91073191
74844236
26637483
72592282
91021365
18034293
84951091
48428074
26726500
58971837
74256174
16425605
61472488
70173208
63196117
2902366
4102227
34772143
86795706
69791934
32653969
98674535
75946301
44126861
58964109
2515648
69324768
34205087
71208001
68963678
91373924
87818963
71948722
49104227
75101107
93250622
9794366
66513024
74678538
51831434
68923980
48904923
67588832
75019321
62729508
34811919
94638542
11883751
57450476
41975982
29468496
85836299
78995633
70719903
80588355
6540991
34844034
74212523
68886863
81102096
24307313
58755416
41358847
2776755
89254862
10816150
85837621
36774821
68922684
12841070
38944853
20969241
86819906
44407713
54717744
68748612
50963818
85740049
67458335
39062260
36474936
3166586
38667287
56646963
61441260
3254763
29349732
32513726
37041096
99506871
81301580
12582748
36341194
8013362
33328101
81082289
93155695
45638033
22066720
32242244
39258099
29974911
26579766
97764303
43455138
5712118
27730254
38212570
79892710
37238267
27729646
93875015
3629778
20922698
32320092
62851803
53556869
32480066
66404737
7817533
83933009
5378241
8492488
16871033
37356132
55547599
39440940
5869915
87295615
63855543
33453376
48690359
5918242
15697294
10182287
30910846
4973311
40517777
53188427
98831172
19892268
11752956
87218111
28964274
74561050
64424580
38257314
26535849
47136724
52074990
99668956
19235478
50185932
35618998
56218365
30703528
46501112
27444273
94943442
67903137
83946600
80726271
63716402
18084433
54163121
57430775
50447843
55307691
15935929
77567431
87270817
33256270
57421305
32482989
62094581
35600133
50217152
79198755
27626903
45688948
75881853
56991362
65266720
29572363
53311448
55084311
42685189
27389271
9356330
21462504
96680069
31914191
70052156
36449050
83016636
45292012
61412266
72725407
46656951
13510296
13610566
52572869
24006602
49928207
83377517
97215723
27881342
95488982
48752570
34885715
58873312
41924357
79280328
42809138
94266492
32875619
31547007
67601520
48485520
12896213
71365040
61138662
96019647
93262313
70125983
51793208
35215164
91717456
13669984
85175539
52760994
24372762
49467940
91106140
93848649
19176832
15877972
55356674
54601518
20254089
60691439
72160124
92842749
11966367
65165145
78376250
89350657
63588601
50023478
32696166
11136397
90441454
8807681
90793823
81440353
27245270
60106806
77412512
95524601
82650116
39498671
41101011
74756224
22029836
76627010
5164446
19418691
36015405
61342862
46176190
49980833
14501733
4547101
89258885
25661374
94866777
34044950
23759885
56956016
44320161
60600607
11605746
42851803
69624210
30147678
95641789
81567614
36898941
26562656
30854289
29388851
14681912
92271456
88995080
9694684
7891593
42170949
25183885
18521015
46194257
70627688
50340158
74846872
4897325
46122775
11012089
88410352
69831653
4182978
6774586
74517474
90422076
36894950
10309012
64307535
58938136
21934196
68135094
77853113
39711318
53874251
87675943
82343415
86720264
88195002
66643225
71969923
11982878
38436739
48282356
17686292
9548786
55775024
77986005
25972043
87538737
92395308
2761955
79102962
33026725
3505457
79951619
83178682
21656403
12657399
69116022
43912050
6853890
89289002
54708959
93582608
59938004
83810859
45266177
55745195
38806646
62868299
23017512
46464274
12217096
35941242
62348602
78596776
66446279
27122914
87202185
15696959
96657718
21567286
77530642
41082350
9745902
48985826
52967895
74706134
83931973
84624432
77168876
92801423
74394745
14528316
93565481
70274903
43520006
33191461
56190969
54443066
69600958
94723955
1740126
57931686
92808981
61523067
2629594
57091880
47629315
54719753
53793080
41401841
85829665
13049289
19738446
88035650
44428517
84457009
58475269
77201714
41927160
70391483
9075519
40096405
97309524
57417958
23020141
81532369
38053724
44948125
13589170
73051483
31521436
60510366
50277874
36546585
95039209
84892440
29082823
77743966
73753532
34244476
74176045
49508430
62300499
48011051
25734061
86017496
99765833
6690217
11237249
6175981
45002003
89308352
30275464
71359979
3503190
34900023
19624157
40179932
13016809
81441178
72851931
37691461
37370109
30382212
47691146
3034588
24528106
72787052
86774316
66749798
44233585
92247214
72308473
48641406
63607091
16082025
88047162
83397345
73293761
83711103
10702274
92111939
13816949
68280911
4268857
34544589
54230037
45632873
40322268
55091647
31721260
38121933
41902482
88533105
6051868
32084300
10788019
24401744
51148068
30129499
86224732
74795018
2189270
36747802
34980412
10512821
59432240
16827254
87200574
93814298
70245832
39321226
42509042
87749300
39357227
81820416
9980262
99418802
68775798
4910803
95256884
64745740
4176937
20563586
11768844
54545552
19182108
37719770
7624195
51838090
38720651
41978761
78848517
4429506
25156961
81956852
3867580
74679975
57776548
14630269
21253331
60142894
72855874
56673445
49980726
37068122
41422208
45216288
35402105
59333233
55620285
62180185
1878952
26929527
83572525
51004659
47733284
43181044
70320960
59576352
29394156
87572872
59959262
9968995
2133205
29858654
67623764
29875455
34847137
1749312
6029020
49863501
40976688
29859786
99255636
15189699
38922196
46904067
95827077
74982087
78041815
90447652
62781906
34093666
12091329
93337510
60827386
57213271
53652176
94439173
77012843
18591081
16015193
33412422
15121435
81016753
91870642
3869549
67293626
71646606
86839743
42990355
84764324
85245384
98730154
61499412
11659985
18459833
51391127
85748132
28629292
36244434
59110193
54172512
58642003
45772139
96401318
7084525
90708714
27522246
97661183
89114380
30957318
5551898
78110217
20559045
29779561
47562990
92690394
50693500
33132322
68902646
82942556
54710977
62078074
26905141
37108981
76611101
48060726
57792811
52258848
87176037
2923389
95377661
22254758
78087465
90041156
82131653
66630326
63426249
32638438
19821043
57651477
97790243
54488234
72624749
10365046
84957904
30838509
32263578
81046862
48590923
97924212
48566868
64595523
92103835
51516610
75402218
45580981
67377947
80202290
98397354
22796361
83532841
34176422
77529284
11623251
62948052
85255407
87709006
81185507
12250518
5957182
35936385
49811851
88162197
52343772
36155220
51220402
62710046
33211724
85626275
5903079
29026500
34429898
51889648
60665426
46908587
7858239
55064685
83897313
86096557
35700337
17400216
66433454
88110144
28917874
3593277
68686460
69463564
53984908
19503036
26218973
98337698
79954181
32661698
62097215
10491957
66726814
36681316
36692583
62836294
2466737
85495218
40858691
51351260
99357751
22803952
57333225
97852947
57872383
84791637
32710676
17730617
88165543
94712635
69819736
95477599
69593675
77631227
59878193
77071310
73841444
16492943
48651263
8765612
97231763
30244583
10209747
88718728
43037624
46191841
48641338
35849296
43919251
48077778
64791357
71566771
70851999
61530784
11077672
73385492
25825388
10882673
39371279
40255924
89674522
7188656
8607282
45641978
86643458
8212953
72505869
11224174
4291922
2398428
13106419
39160443
8219688
17010959
70083153
54681224
98614544
93841417
47917429
13585182
82462321
78811726
41609689
61571275
90403397
62740157
19902377
64221830
20937024
60018188
73325571
74686071
37321854
50589844
26972979
71168100
5850120
4717699
39507772
91516150
34781017
1882408
70332954
65378548
23144437
92466627
55041425
76796067
46750459
26780833
77465254
56643497
72632298
1468875
80086177
98749870
12849126
13935035
75433083
75517977
83996035
18681728
57450199
7804975
29019531
8577348
43837629
3243420
11539156
29984544
24445118
20077569
54380474
99894940
99084787
48697296
22993482
35972591
47155345
99167646
47422642
5803834
32814797
66957178
83565662
55382880
22742734
53480293
2085580
16009328
54105850
67420358
36020186
69850186
38412419
48492092
45042879
34008299
42533258
51374430
26693686
17540675
39639069
72137490
70848150
60345721
15482790
52830854
61361433
90526323
21447981
73485951
58781591
57066065
94254147
94770838
47689709
76064505
70936690
94512938
60113124
5895672
87993696
13355680
80162825
69369471
25520585
8726199
41136819
86486493
7127847
20361599
72142583
5601187
87302017
91433838
61511213
83547270
99690546
87636064
96297791
26119375
73982896
15446318
70588488
1582336
54025947
59281912
98949343
69963395
34623501
55164736
85841454
38006363
58298445
98705150
91802543
86900775
28582155
74711653
7613809
71385966
78206486
5713696
42050525
26734455
28149744
72501173
60748892
55579374
24846604
15621741
41449592
73767428
26452634
11359810
23431674
23161861
71888387
51816489
88967573
34163533
99708784
85080115
24497798
23437185
10475301
99723877
7439317
8599753
83364424
37862644
12850905
68069385
71675593
70624678
1396697
8460182
86916476
9906875
59033435
61401926
59795820
37824576
89025079
4163563
75357463
18309761
18498220
87989829
38149486
92219038
55311926
74999306
69241401
30223743
78913620
13856718
15034905
52907265
99357893
53466073
76555853
17768987
28981454
78395092
26268672
54651046
94985937
28418377
89074289
54967187
20621738
16842669
15463097
76658001
2012962
7567710
60996048
72328722
34876881
78066895
35163056
39009354
79372650
93695330
88909133
75098953
93742140
16831839
56678907
71291728
12770068
42796744
74345263
91303556
63650742
16668463
48222485
96602816
15987586
61134447
53795432
25284966
26791479
54613641
89864241
6047464
73140544
23984002
3131142
87513250
85409832
70141152
43144641
54204221
40745466
53339615
34163867
7342043
58020862
69572384
99414427
14913605
36415377
30195518
82181420
57499506
40792889
74379259
35682802
86704069
44373261
95590295
45438031
96709359
55641444
31097634
58973801
92130410
47153319
39254191
54815278
33060978
60137438
24858648
39614551
71531191
20788323
22211858
52168004
33719469
83729857
47584015
3754342
74775849
43224190
58857413
14286464
91264154
27467580
4640909
24231876
34965807
87667375
88026150
9298752
90564721
21005824
1830585
28949254
17462233
1173192
67607865
61671670
83197172
3178594
60924007
8061358
14196955
61259232
3823785
25585644
1243091
87097865
50326092
76567361
93246928
32555221
96599765
7800295
79235471
95459011
20377273
1487904
94686381
71037790
73011976
46852030
29664124
88934664
83839612
5269830
30005338
47145201
85375363
20380799
80377899
82853551
24484530
97395455
60697860
31212738
43374098
56932244
58327712
58261831
2033572
92391113
69391009
40583715
19574931
67423090
92027036
60324328
6120607
2582520
73400130
99575049
60515304
79359024
20174163
93370964
47834540
80959519
15434196
24626642
23887561
98957787
52600326
92452073
37082768
14220850
4253269
75938473
7125717
95616160
81075798
98657663
57518806
71727406
3064611
7101285
42189725
1380282
2737339
74348346
7708806
42293419
40277332
26080413
50826428
44014234
93802973
32250961
88224173
29685141
70589354
55728092
26387545
99809368
22200245
38007710
93922730
79565711
94925584
79340561
10208132
44487973
66366248
46200104
96206514
53779842
39637609
13306929
86909784
42549619
20750557
76696367
99423019
9422817
87375744
79466807
74973116
35779167
21148299
81816459
28650190
42384529
43014448
61958814
13142669
2120883
20291312
50221393
74091578
26665991
99961460
24196417
77327744
4526587
60525023
2597258
82749758
15943628
65320623
51822263
37106601
81982636
6397249
56629079
56117715
58120254
87015646
85875021
2504086
27075278
93941240
55407623
23653599
73611481
25170916
52530458
11453081
17776163
51678131
67117122
67712036
83267801
50927409
48080748
84674665
21353932
15503453
75666338
51630861
73087063
39408792
49564519
51289506
39633205
67631460
94793570
51313562
53621192
77819332
69713563
95564995
27108659
22866796
20878724
43960387
63663837
52078449
69428208
69891644
75766803
45183530
49884453
68258144
41274900
29095730
94152639
53032059
75821704
38816610
3993273
60121314
89756130
73996480
25117949
66092600
61996788
74127526
91897292
70646306
6865184
55217657
34081629
73985854
72210722
8138557
42795188
57660099
4308677
40515642
93150584
39031572
62644639
11843405
11376056
71228742
57097885
53098024
21181885
24838461
53642604
81330123
7974397
17899744
56871760
94354022
36305204
7663630
55128339
99017372
37544989
60128720
63287904
75702442
6913969
87498941
11120274
59895915
8340351
8446446
22055004
99065905
27537442
71833789
81806994
73367738
19643966
77153729
75911154
74205349
24093788
11324842
12451215
44338642
96911582
51447429
66058160
68579598
82373677
24786788
99388971
84964701
90150281
61612981
93221941
36745922
64117046
24654485
80036302
54906677
9193032
65723664
18772444
93426893
26501516
15519121
97453292
48570372
3591934
32878189
93403245
62418849
34778225
20349394
7466745
10523817
69520918
24318797
17308438
44033358
68948710
97126440
66256328
38498724
11983793
81865020
79008715
37345396
70240140
7530432
61420729
76384281
55646531
37940047
73689176
67683717
99700984
50500376
12088407
52620429
37757322
85517608
23982931
10209681
53209323
97260414
4004531
98855275
71517917
38027965
54085243
41782853
24048907
33240025
42006769
81335801
72232207
95510009
24709364
27687383
17266687
15673368
96015000
57918379
64770565
71418356
60480622
33337764
28476295
59189762
31063247
64904343
87657314
68220968
97723900
94015165
10148280
59163861
97418321
1584442
80217089
53845256
31245095
1128766
97727711
40078046
23627235
99381694
69841802
96763045
87971804
10636543
93115560
62489890
51521473
52903402
87832865
35811494
61021040
31034859
70052757
11757834
83590578
47490341
60136813
34694734
73868715
66096673
5716496
27194312
99659299
27487880
68392292
7754143
87928482
78152734
19945137
32255699
1892765
74010818
6089289
9928475
11825705
18701733
87212538
60214524
8831730
16411781
84729523
12283496
81453233
96284556
69355864
72868548
96323663
32518619
71774140
36274160
64460118
52230338
64566754
66690628
78926118
61508105
73990913
67318315
94605606
53081593
61662002
77255261
73920040
30037342
4004200
42004059
31217474
59301275
45448524
62127779
10959789
38636341
40027528
29502579
42437690
23661549
81911662
87067845
14020156
58254309
86502953
5299390
52463264
8626782
40894185
37514135
38903976
59946523
15081868
76532032
1968822
99299100
43937511
14798635
62297772
47767008
30485653
71479250
99052308
17467536
7745619
88978870
94464701
79022021
31363753
45151119
42089341
95578272
85419712
93925468
45216346
62676227
69965795
6851938
28215821
64594483
97894283
68765330
49402771
95185780
22942226
4220352
92261645
88863953
73225395
65066469
98516613
74746543
13257566
37093052
42116862
52047903
58498757
10100452
15864744
17377866
69999259
76504945
71143372
16847968
10281408
26478601
55684343
71286642
28619320
73613038
14815084
23382159
12598749
17509736
23717243
49064110
80801293
59342236
21657488
95866797
44632866
27984619
83837613
82248952
40424032
52601718
96753216
8412541
74281040
50982650
5644867
86955455
57348471
33081955
66863198
9742037
40707958
58170545
70589932
70826243
99642281
48174103
62271023
9859369
16211342
63197978
86846108
68055802
89068274
86154494
96431449
53984321
59850142
67908780
37431322
17557016
4214888
58000962
15263364
44310544
63242829
55356559
38870793
39484450
20372489
34516121
3203625
17841367
26261134
8299616
18425315
96603121
44009666
10051475
15273071
86078625
73910968
16059780
5601407
74799214
63722003
52525939
89404515
41647163
79008453
62658811
42139489
4888256
81744294
85440117
47013914
86055552
67394330
1351456
62853915
31685016
32028354
83882411
8328181
59665882
51893658
73395725
31129911
92842403
70604850
77927124
65237542
37036087
6464102
29548700
37862810
93165906
50811850
1804149
64601143
2242302
6328431
74118239
67936020
64930121
7572382
53554942
38391245
22739546
34610534
38424924
93249157
12128098
32531189
82234596
5188154
64369549
29224372
83163055
51114430
97689494
6417976
46259378
87118684
90371465
65846874
49879748
3764955
22864502
33308588
73900205
11517146
14114351
63333700
73922948
46416060
94154850
82682569
16584207
50470887
1078108
40426393
50638933
3565247
60656758
40373228
55604985
69397175
37532187
45045160
81044850
11506242
36146973
57629412
5930070
75977563
43529115
78365857
2348221
76929432
71500819
28275493
56373168
15008130
59934431
23074770
94150733
37660527
80014057
99838613
28024829
65471840
51490953
29132645
32078720
48373386
16252676
97086708
52029897
50394468
67822087
9874872
36666637
64333543
54469232
72578902
86842171
39821920
59169341
16700401
48416596
24134157
45813789
65259625
30666449
39627932
60311874
79199786
61916610
98100337
74267407
84781272
98395697
77207307
98406084
9947432
47572406
97322025
37742988
53541477
19226273
26209939
14229966
16786666
61144639
37138942
64275546
83290509
72269149
82252729
97044086
96001527
56255112
83321601
89358669
92732807
35615354
18355468
65209971
31134380
34501498
75176876
9194667
96017935
61484926
41218334
52450456
21313903
45999069
97221625
63505933
92396926
69390207
69269084
38123261
60131870
82051539
14383311
72775037
78265181
6893221
38978051
38292207
92819357
23354349
58994480
14672106
22708346
91093095
11388653
88448821
94519013
29816536
53391121
55613546
35817462
70995849
95089551
90236614
91218607
50420826
57408903
54843099
72878608
43225119
38495013
21012828
91115577
16985745
14813828
8028333
16127122
29431073
15964564
2679620
47147527
48011575
65308709
22813195
44052036
49589825
77906068
35590261
21554501
50682994
33958370
90240796
84048930
84739213
51619369
56154392
24823733
40765645
76604196
98464255
79748216
61364208
1715505
15428183
2386209
57705335
59122545
44870167
23135161
18954808
19235097
69262755
42495747
52465118
28999115
88268889
80373020
72128995
69373384
18286286
13388140
53078276
14495535
65759830
64065998
75330372
3001861
90304658
95791721
61202929
77212329
20772278
40690993
17867587
89363617
23033388
49358973
46350293
54079939
42839750
18905318
52825859
96189771
60994911
50783231
41522394
60030245
85844363
23581643
70741464
8035066
51871704
26407739
28193003
18365890
82903064
55881827
34857133
12250690
70039917
28231318
14306920
21198481
55295291
99380855
62130073
52080649
82271509
3259284
41731466
68012855
38322073
8374854
41661488
78194713
59943753
18859472
51130327
67375797
14736327
13555919
38147685
37547685
60675818
76627522
39055838
65672899
35692795
14574630
58265599
71779645
46042347
9498934
83982405
35873597
57294921
56249035
77706849
6877376
45434125
31951796
2338072
87111009
82407031
36542570
93646207
81435396
6690410
51798286
5513033
17054129
49366132
1877861
92822903
80216093
53669173
32209408
21129331
89902420
50746798
57141255
76481681
43251514
87134398
99144274
7571280
89161392
36199273
1274222
59112651
48348042
63790305
58222233
8410060
49982764
29946224
34390316
34498693
42204103
10421873
24041247
19795053
83126349
7284615
36054091
59078417
10243385
64956180
64871477
36967859
28146646
59029104
55309772
28370622
40577288
36247210
33972669
51348143
22328712
6481382
44723777
18102789
5644306
3628538
51594322
3419419
10455638
76895377
99198349
39725685
4444834
5274580
70650523
3491743
19495480
89357052
74614268
35350346
62545322
85697091
82526917
8557488
36221930
5112931
92972811
29970136
23175208
60655741
97821148
89451655
2740221
50639573
28703496
12196766
6818008
22837652
67427875
2908864
65763448
48716856
38132925
64751366
21408839
73771437
89064782
70372446
88321847
22864084
89406453
15468080
66490793
65428312
12527208
99769379
83537154
92871679
6153687
34411024
41303577
5182180
20739313
81170209
54412367
86875715
40987091
33786021
87958308
82130367
95465687
1490473
68666048
85273727
15959976
56842452
17986233
86884433
6024955
43447487
90883883
36576849
7428398
75167581
57216433
79763459
89970258
85338922
88369952
85114945
33081204
71547751
57533097
85618814
10216393
50285216
56919874
88828703
68441295
25998997
10323329
63698398
50928455
72277173
11566624
45192494
64885808
5914066
59620351
16947614
4893058
77759914
78617638
53694085
65243342
32704929
76676009
74591059
98062143
97334540
26947870
32744015
93457303
93096749
86534885
49822146
58763841
69529760
39302600
84286736
19734817
45736945
99620195
38756851
89584406
51031649
56707296
30781273
53755424
44982702
76925168
14758637
44104803
21803795
2617641
55508847
87607502
86946534
77618744
45390684
88279697
70360613
68558951
77730274
85509996
16477290
82139198
18928351
92348822
66812908
82566909
65065467
51165731
62749674
58168268
78949411
68260481
45602553
44029340
48279737
16481643
4309144
75512720
65594119
66375129
70525600
37024872
33483961
56179371
3013134
1470819
92750494
81300191
42556603
76973847
68154130
49742118
88323644
28687906
58475917
43203379
22435446
10505796
65371264
31862501
63231475
50657891
81344848
22230477
90894101
21824602
16975471
76507616
4602606
51468409
82128652
42651129
60054076
17278448
92316272
60296141
31057293
52152197
4841803
83901393
7420985
93192275
17142038
22360814
46885300
18300630
37515270
62477962
51599985
56488251
65885838
83043991
32399676
56932732
83054043
32076916
77731460
39252939
26922764
63254452
51704330
96618830
12717422
10595815
44953000
82652425
86082015
78625072
62318632
57013161
51880353
27802467
84105655
72947304
52677448
4897407
67953850
46416497
74677072
65471905
71806883
36774896
49891958
97089017
50121061
22766907
66511642
92005925
48969250
30797111
6641712
55703489
94447096
65788222
56044967
58048889
75142110
30203696
23074332
76239490
1448960
36029853
78913335
67063090
80036429
61118536
41997549
18298235
39747520
96488482
46262388
73837658
28853367
82357087
44458511
6870847
53143012
61032188
24785832
76371718
1341329
4756425
1149180
67978561
56202466
86532112
27636247
83028369
57864597
36350556
27005651
25263045
92116666
45550272
3614244
15707664
53129437
6861273
77669736
19104241
92834300
16272247
69774416
76747014
70971823
28725224
1637188
34864166
67540739
57433457
48885743
29092273
85389657
58892583
33083577
63485125
48213176
16626017
7723618
43983928
1227150
85101191
7081062
38103115
72751334
11095817
5673729
73256285
39318430
76718233
23181227
3340779
26268418
4846658
6780939
63340081
77258413
23455932
23968031
37031683
93539596
10090619
82947857
68470264
70973006
20303085
31494582
30863266
62966502
89154355
15977132
55401724
69153891
11391559
74092190
54527116
33821880
53053253
31146138
66020220
79389701
31798750
12826316
62636309
51943192
8210059
31355316
29347791
22936654
16980240
44401810
79570323
54056225
10735772
66583485
46842318
80283663
55660044
68747391
33430395
79722819
43161794
78620863
40465503
21930461
13981364
33325978
48125109
14513227
89661776
22102219
40790908
55745618
90240462
56927191
67570037
44470547
70819958
2339829
80622261
32845296
79244837
45663061
55354326
54779063
70943833
79206347
80352329
5737856
63270226
19387140
95838247
92322454
45991419
61545694
62495630
10446027
96775312
15273899
95668217
96338491
50964174
73227463
47642777
22374187
94243615
60023723
17950021
4304740
49721421
76198334
54989201
95511089
95392982
22467706
31594139
20184827
81314940
43801898
92157136
30736400
28027930
45257120
85510014
38418908
94460236
22151998
89102568
47068085
53003299
60473909
55834401
13650426
8321885
79252741
97347262
25655408
7811346
74592795
36806829
23067721
92088134
99745866
87455443
34783353
27636317
31229886
48511287
28206326
12869369
79528349
96541299
31160277
98493085
71106539
92604022
63885175
38555294
91056394
93346764
38828365
31478350
25689261
79161537
56143149
35092506
88076122
25163643
47359486
25138724
46923903
1270144
88322841
59952934
34536846
28407235
75830991
2364032
34025561
27160409
67796845
27793362
35987060
28609737
65680294
10014967
27768135
30241504
86244657
23024079
99873752
54900885
24081890
1006954
39393806
78132395
81136402
25109278
76223377
13204035
38242769
47786065
62832825
60706578
15996691
99700386
45293132
14640943
7065133
62168522
25115202
44088838
11631417
74531354
9956689
26286788
45272388
93983258
54941946
20164740
84147769
62155750
33429210
37350536
24102678
66655387
83580822
10652833
54103963
51215187
90750693
32482258
56862563
51650188
4252987
60285626
72302297
96177130
50329675
99764086
28209671
91010844
34342615
56680812
83872628
30779192
6369149
14279473
38408627
91063645
46531337
24092954
93561804
74905521
20209867
56347249
45018080
11803972
10202974
58136161
56322522
25192013
58399045
63701829
68800934
40752456
88602758
84143184
90092138
27330520
10641434
74406392
83404220
39456419
40189326
4705385
48205375
57111378
31123846
75977234
86881145
89112619
65848397
82339388
47978583
35077025
68391904
56517930
9190759
36051024
78010727
62812474
49183464
48231138
74631540
63185359
93456755
73360104
20624945
23611908
8876478
72674438
86266955
35604811
18740630
30914100
28022299
80602650
66581294
68396136
44972069
78145051
25793514
18212863
59864394
7469386
43261042
55808394
18874014
81361387
8301621
58776142
13116176
84474219
86384731
65796246
15557893
63773984
38893511
44608931
90544444
59075361
89943430
67665468
69692082
95984468
44800787
18165059
21847558
50573757
97625188
26627831
66056078
10019761
48671151
31287241
75637048
62544275
96932604
64396438
60376527
43411093
68155706
38431063
92888503
72746768
79374521
25591560
78895593
40309700
64454031
63082402
86202117
20664466
65280801
16830699
89461015
38296671
61575564
54316725
30677760
83543817
83695274
91290116
63948479
43411943
84066855
24184455
9113396
48017421
25568989
12115618
84386088
73363445
23796827
95669480
76746825
9757740
29931895
35188497
18401443
97461422
37219535
10439397
33543923
67770078
36661310
43987948
1699644
50047496
78380399
70354207
52167614
19038317
75842652
11079002
15663613
87984510
80809077
87104704
79523546
60428539
99713564
13741899
21865779
26255762
39302847
34954986
86123711
38024818
65847890
59867477
68539419
32067091
76105797
47655663
67471482
2624109
17127757
27942789
73797978
80791134
13408784
95082806
83457848
50075394
46987782
34033610
19803718
17215199
15047374
51294427
70379994
79816048
54097350
39433483
87367439
82171441
67710132
49444178
53669349
12089771
21019155
78083860
17791606
3514137
88004551
84212834
6313742
30916632
52180231
65467677
30843821
66642595
31080264
9029691
55370242
98485033
16392898
56687743
34994390
50259987
46554561
68484603
85239276
67583269
22631103
6273354
61721195
14195498
12843469
22228684
95488304
82592501
35843717
86021698
44505243
7136656
28785129
24639947
73089695
33023103
5425015
11182101
94119223
11394365
28582595
68710268
13703094
45221727
67424348
44162812
52546923
48225731
91646889
29788968
1134375
77103775
49352462
85122716
84348591
96617028
45523503
57868697
95550655
8155688
67775771
72370731
43393159
92384613
55862412
14128721
81689913
52530509
11570050
82102155
53852476
94409316
71027762
61769267
33519201
70659734
13507268
37224477
93589777
72808226
75547993
78870435
22066900
48730210
99583496
35281939
70700972
64418612
39535063
21976304
81370670
94349526
44453260
24821970
4048033
12830714
1197133
34016441
87561618
95545263
56432707
62952674
89146565
43227341
36269075
41847352
82254091
63012548
24740356
86905732
24125231
46385552
74733241
54334742
73136707
94907606
94598098
56944668
6904352
76791796
80465437
84169910
20226443
18298326
40524351
51617340
96145538
76074803
17671416
66432555
16741017
58145380
60085214
64232347
88313665
45444764
12587550
81172687
41849404
78749933
8723839
16706138
97373314
34416317
2471426
80686518
63347732
11158835
96804286
70693164
98922280
51068359
36782326
63777623
7625124
78564266
23878022
25479234
7905563
17140044
47670246
42242572
13577293
64999436
21209962
55352881
28726040
65094170
81508847
29057322
64095650
90973312
97241647
19242061
41267496
60335164
9284573
75233491
86393537
99304688
16465123
26696516
1994627
24011921
95935495
57666733
43489188
14963648
7878733
3215214
69378428
37449019
92445412
71067876
65186414
70331883
24804025
17658780
19199659
65969478
91411950
11328188
63176756
28356650
89905758
43693474
73446597
7243621
8351366
34901108
84421247
33374360
98034327
73759622
79568134
62022128
25509626
67618013
21972799
55786199
91778928
27370889
12139288
47415209
88149847
56760493
65166491
93075755
10209226
9697735
46350053
7943768
13243840
33785067
49568492
70416811
8077552
77993763
38659425
14850148
13947804
58412148
6635863
54197414
36227670
1037010
58767600
24205917
96619348
48813571
7462860
72956323
30995973
22309912
22502312
66215311
24164782
98272150
6086894
84709252
31101435
94977592
51164524
3912761
53742281
7464720
35206762
41371077
47598556
79877291
24162228
44551299
3630253
46299480
38802365
97939241
85787065
4383015
77251239
47000996
27718074
6394276
46769164
99335108
70845552
16635775
15565020
84494731
78189789
8381068
45949475
78246297
17227835
63090781
64970945
82527066
68566641
13285508
29141778
82647631
74198867
58967902
99146454
7640093
42061194
36898565
91079679
85573747
41541907
67168397
52616280
81704989
35498745
61316297
5596281
8556500
82685437
71781621
82702298
4127547
23685273
96381060
66815108
51076739
52378249
23551202
25255573
91536382
44078304
91753786
91169349
51398207
50573310
54692992
67534417
39409777
94737981
12703251
5365090
60685289
53507861
68063620
73148196
84058630
47711105
69454785
71765529
37873849
2221673
8260611
41445426
10711378
95127940
68501106
98540723
14952204
93368363
16340247
15634372
2820807
39896692
60023352
48155902
57233453
30701839
82007033
56648581
70063381
39740991
70311287
64195338
18087748
47407412
94926600
96008995
73813802
93401860
8031060
50206713
27323269
95246315
45968422
55234187
30637438
70185769
11031501
12502869
11087686
93905952
16322866
68007751
53037859
66062146
10319920
11914026
2342384
23784046
27580224
34517064
3056710
9834432
23020459
39832343
15642019
80803276
58738283
74475488
35313654
78873626
57619448
38782264
71372335
17472851
19153527
91431171
21216046
35742254
89422662
82457367
61362343
43891366
55298566
77859588
94701345
20100450
82970602
13779972
15860458
67488818
43863101
66886594
27624760
60411805
65833073
35174881
6984439
92112664
57408490
68488015
82147291
79749701
56669423
92186014
96919328
56769940
98825615
32168611
41687930
1466418
94206353
80722107
74927418
57258969
35522381
18668075
27633506
81791606
1996837
12285691
64606371
9282244
72294437
67605044
97810819
48548498
73804231
22545296
29958346
61293383
1403582
27729588
72208759
86567644
28509796
95196211
9255696
10238898
55371338
83242480
89752109
86449026
51684744
47786877
63676292
62457376
90616382
38770346
73910236
93197219
23739920
62270698
35057203
90261775
88196709
72486776
57555388
19758090
89827290
3479650
12008435
81934792
31032835
80126471
41207204
66020092
57046134
97464903
17295987
7763036
89903706
61894943
66045616
14422895
15658307
30873294
18273572
83912322
10442815
93454643
33474650
84921361
77708577
32799827
57836399
47536350
32428973
88162482
67766316
70095976
51670317
86202707
29895837
55271085
65019852
65954230
96510228
62931198
96658140
63716442
23054348
7211282
39288018
37608156
78032823
49408955
70815083
41801858
57451190
92084081
96798188
31505027
25236686
30935586
60729754
43152417
83840015
38217262
31930651
3477095
34219047
19114039
53734041
68208395
4912148
43176028
50044553
24165537
14569882
95455887
68532352
47748708
1791084
82127279
74321822
78567979
80929105
14279618
43921365
2539309
53692179
69373672
11219563
5969643
52259096
97965355
13748242
4148791
79897744
22618058
3977967
7800668
4834388
89912350
89211321
12937606
81362990
19598752
48794533
57164708
7566506
61712714
61611657
93011424
1118765
51085408
72966820
49253267
36876553
22319853
48106452
10186463
67507386
4437714
54062885
93256024
29447692
52813217
86516093
34103908
19341373
49801225
94393929
80981191
46948569
59025175
35454102
61863435
45681186
53578666
23747979
12849859
25035526
44468274
63070141
22330993
96787772
82795119
86437200
14219436
12648957
27707445
70389215
6888529
91979320
50109377
91571706
50204533
65549318
43679353
17466099
93291409
5424502
1983020
52212004
70880338
98445153
97083129
1498628
47957288
30261239
69836074
33867755
51622351
26774964
8513042
80464317
76915594
34278090
78670467
18485485
38913110
6576270
20197521
86331920
86778100
43009333
72637733
61998537
14186113
48148003
9329974
71732770
46833057
18330600
22218033
58276467
72361061
49441494
2484345
73120513
40819450
94388429
60465872
97578331
41277630
6659682
34144081
1899902
57309166
10932603
16058443
59682712
94506521
77725561
51959029
82790363
68065307
94105526
38648720
48284209
60614707
7863459
12052346
92962606
74774377
90537011
13788311
64004743
18357620
21711427
32602258
22423094
46359014
21967947
15603439
66229807
94814554
73604291
70365832
62200536
55602970
99027709
28965318
53266873
79520507
8083949
36713914
83475388
85532661
16082146
53206459
98638224
35550409
45878777
9539774
74956276
26418273
61788659
91770931
79573458
84546073
3370334
32776128
5462897
32720032
90370885
69044964
64821556
31992740
38942723
70804131
45736871
19112060
73525057
73965783
60669977
52423252
87650636
65104191
89880345
43533132
71397756
80187111
68244681
84661894
48119024
39066988
49252465
46244914
51403734
23229596
95386724
95960879
49452173
98681639
23591499
2339535
10633154
99269713
43364587
88971552
60701954
27407184
26401635
13245050
65380572
33829935
46842662
6411576
42890081
1419874
3141308
5841085
71690057
86565493
23956629
78414113
2189173
16792264
57235722
98714500
56423921
13133256
67644485
64553919
56155195
13730770
19494652
57798366
29282443
50402265
51195113
11085094
42635927
34767461
15852399
82796862
39479440
99846801
6497938
17534766
9201336
59913804
23246932
24556867
60905366
45004576
39555451
90969438
26450514
82626605
73699575
82358701
99857455
21260250
10872656
59552298
90538318
15137162
37947580
9743127
88539450
83133805
14400321
44298082
33480572
14501192
29121138
28352364
76540175
47057969
9294499
25692089
77092246
69371781
59441234
58074679
85088736
77662496
84292650
94730894
54403846
6090116
85145958
10129763
91237010
8195307
56917335
71910692
27544129
51404648
84505912
85098163
47392438
24960540
1711786
95169456
95445025
15536899
20982033
61760253
99329141
59274845
35208549
52907298
63977916
16008830
39867258
57096111
96750294
44536078
15367590
2806785
53894899
28888131
94442599
47744964
44124640
15473226
9787842
17166488
11458289
1686065
80365715
49954817
84622389
4398765
99664756
72280860
13354255
18478018
24824350
79925226
32195148
24174484
79401528
13623238
34669984
12302112
2996495
5639803
1872712
67510899
70183620
38654793
58038610
26772893
4575155
37114998
3334168
69835388
26976236
71134916
79042596
9597468
24239987
4106037
60298749
12362119
61698400
44964538
3281446
81254850
53127676
22602216
10897723
9222868
56031404
25249674
65892434
5739451
7705472
81420095
15793655
67662851
32056525
93816890
9643321
78663676
52312063
99924861
7540377
17301761
29445151
25759497
12747100
52337818
2295694
17927574
32085173
52382226
4156492
83999443
49398404
65018224
5130821
55520189
47133960
18796126
35586885
39046115
81403663
47336238
20517506
46906904
43141060
5295402
42098762
94579196
13775216
71837662
29763586
13375555
37446948
62371145
73192742
2523039
8793196
72382528
85308221
36412221
79318086
47081367
95859644
4249753
97693312
26207384
56295369
40286480
10831786
95056070
37866644
69115878
89012975
21240917
14487949
38365010
5125873
18849604
93232778
74079626
25537576
68543222
36130116
91425191
1786055
77837131
45594775
9303196
99395582
38351601
12369980
86302420
34222426
22905924
44623616
52599189
74117343
13524276
7768638
90516732
53017961
50385396
32308381
71921818
9987470
62485322
30948935
37815104
77214901
92699663
66276437
92843717
22831167
91320304
68329551
18604739
13151653
97680935
24842306
18860721
71729824
5480865
74534977
12291760
92345309
44765183
4149596
58338021
7013305
91421187
80554127
35151379
38313688
99982956
4351357
47627380
63920043
66664076
51311301
37289084
85020495
39106254
27284089
25269150
69533103
88704864
42043181
31563868
83984249
85583106
14293421
81862193
64908563
46548887
50602569
17710063
75861557
99593153
6446010
12591051
39125408
75645290
1889652
9448518
18165267
45314548
46467812
38359730
44138986
70421340
94460279
25372440
20978882
9976902
41088496
28119137
51960883
8592579
11208319
36151564
64442822
38154930
5101450
7344511
29033226
42340231
49778915
16821292
9131330
69937563
43688919
3534923
94858602
67116159
46121010
3846084
36831811
70020542
42964360
32946724
20871291
84558751
55659820
25839710
33959657
54897377
74912968
70482449
7598289
87386214
20043056
74788718
9561131
62269090
97037546
7036282
33140416
6821410
55629024
90069641
19091089
54389041
82798595
57325428
47019018
23064021
37026747
65018921
27804943
93209499
1812464
9115122
22751222
36357708
13936608
32542080
2030937
83334951
42986222
68268941
96709730
2808012
32121546
94741622
44891942
63887143
85774458
97999408
80452029
79459193
28373575
96114966
24398310
47155897
42369164
69326920
55945488
7297178
67838177
76951513
49050713
82095208
91116579
42037863
87008876
41627023
76703845
34696547
50964436
19853028
25100633
54619560
21842779
48635449
40907457
64419510
68400791
78107655
99283448
28821184
68822041
98919047
40425505
18272950
41869191
38028000
43972712
43448811
3525509
48713243
2511492
25460280
82249126
47543097
91119171
46298293
18729652
44437477
49021929
21314705
78829436
13981856
60093349
47933935
21903225
74082969
96803882
18714214
42719839
70799188
96575096
58921654
89428358
61956446
3362437
90852851
3796998
35466506
56601782
2668807
69533226
83387245
58247690
49329712
87442426
2400649
11701215
95353287
46544065
83523947
98887647
81756349
22894945
24951512
11216528
23600093
31440221
98713798
36546323
65558846
66606747
17747572
48338323
30436207
59815275
57087892
72309150
44341631
24725456
1077417
35231561
88338087
48839465
98642100
78996431
53099548
19983031
24220861
43283400
83903647
44923885
19940929
16341714
9992916
42283572
56473692
19878452
71107156
43881553
98632321
34524667
42029017
81694224
84879587
88182090
75176881
73971331
65810721
50444504
9999382
2273713
52009970
39160022
83062489
81054751
70455862
52752465
76315733
29464704
92998515
97363746
80765128
79291862
26453941
88260968
29922991
13482414
46540227
53233691
7936604
46556745
18945376
88906143
98890150
84602757
95041001
6319332
80334629
7242661
37837594
24438019
17833716
71124934
96462542
63378192
58922595
30645610
28507305
33628530
41527569
2617828
7012894
38163638
28118700
79966099
34559374
61995914
4049366
83401306
37424835
8490027
90281660
77613196
56343613
21014759
92236985
52703918
26842638
81165453
81787028
19284820
50787770
71927972
32038233
30248435
50469422
83265637
65116098
20054043
64654161
39348584
81547392
68167157
69806388
34633273
8830834
88562260
27892822
72010187
73499853
87228686
79874674
52658805
31753309
15643080
82504530
27218470
65450302
3795929
53410709
60764961
97272853
10828024
63236321
36857870
84602728
68069868
31148999
87643726
99011386
77252868
21724707
7618586
86361190
65527366
80748656
89954064
88579199
50800292
61941660
80775935
51972189
98769578
65843930
32834697
77253195
92940567
74217917
13668646
43966661
49938036
20723236
14212398
78587009
78358274
95584386
6959695
65395548
36721111
49855427
23621043
87275628
73947843
87520598
88621472
50951110
3927478
71984198
71308950
20874773
77401755
34100259
59025763
61050873
30370100
29972059
25358219
46167155
90951780
82720715
5895206
61766159
38952805
93277293
37557915
30464422
3593804
25788592
83110206
39656716
62660448
78040702
49843195
48150496
80097894
59847307
84587555
21871097
21934139
41532865
54553581
94636928
45388304
21662865
19354162
95096908
25473706
31655550
28651134
25030903
63037930
84010246
53572234
24579805
85419258
98140654
95424547
44362297
34215527
9880847
93407409
24245578
12876763
66229667
8704862
23614036
86518260
64961058
53523124
83177778
71568316
57706538
42162532
8936178
19009671
71784720
92912523
87174889
49586585
4951620
73661603
28413494
96094701
36989631
3626787
22050653
97879698
30445774
70875350
69880418
1081360
99220715
45611077
49711510
55344958
87566109
46794518
47551863
1179019
15634441
55087831
1605787
58083136
37396512
59945400
20227412
18274899
43727089
83182228
25567313
97045499
30821449
60974169
41659454
35297782
52855639
6994621
34129172
60140277
42489142
58208923
54824496
38994653
4075586
44597018
47344330
14962047
41817597
5152146
20205855
49988881
69067220
44760653
39677578
43487716
39902985
10466169
97624752
92583055
37214643
85481468
45177269
50358972
92849179
72180251
7192646
88946181
13297454
78473559
64563839
37632122
95692160
47694350
12739311
33428933
31078224
29162836
78132359
84233714
5589709
63526087
41091152
22520622
99558831
99909866
83244499
47467101
51653664
56333678
89325814
68052961
31779676
98871151
93192877
59931643
92840520
82063529
63101315
83669693
41472719
33167450
95551561
59005233
66795094
28164298
49662824
79042037
48958927
22156940
56689755
21293068
37454436
21259710
57731804
85029481
16281883
7488188
56880043
50973943
77366561
97123144
13765228
24087940
34714113
20051427
48001311
88276420
13348858
40919665
42222063
1941527
12299691
79138798
64597596
97979717
70664013
86185169
52157836
38011261
44450462
91757043
16510591
14162868
53713213
9301603
1619938
97947633
91780530
33877776
40089272
18442993
70455060
39024884
15424413
10472815
37035347
31977091
32330679
56965021
16549645
17418982
60399547
33647124
16829029
94170923
85049143
44566319
70711919
12692464
46976466
50473739
90980417
59269916
50188628
77877689
6226966
60385147
19870334
76340085
63681001
49604073
8841661
10521728
55418889
92178129
23846538
38631223
84065006
94373531
52599287
61163544
95545041
39948867
31077845
42770284
59554657
95076354
65524839
6265917
46464335
44251900
83400627
87311241
87431448
90265477
8061663
67284467
77597108
70263387
40329940
42820882
32887801
48331159
95305999
46194812
17675296
47993745
34890137
22491715
10053644
75235184
27212730
67196185
38775231
18012179
96498283
21496979
14607072
30713066
84349506
29154806
7212720
93603508
21501372
17883509
9974759
88824817
64154270
91120958
11136758
28249612
67362100
64395876
54664734
63806217
52105975
61704521
98937097
61329407
5570779
12995389
38732126
64348445
31080353
46553992
93742499
57908533
21771618
35247525
33794168
87061664
27774025
83628360
61907303
60019522
65105996
64479383
86808229
46554544
41112555
43910747
25539507
5316964
25901415
13786200
56111436
68223031
6612952
62375354
64119394
48382287
14012556
60759472
21490479
1572966
4691670
8765595
97786396
74190820
31021710
81541190
37614767
38609625
86855371
8466288
46661760
42689044
30910084
27645459
58669239
87987502
58655491
43697583
89356245
85405251
92358848
20644422
62660876
36814386
28006139
80003171
83034863
95217453
81932326
26049437
7025525
16912806
50976045
93868622
60855976
81011634
15877994
48311226
8969048
86351386
50023376
97452594
2883181
6110927
69644269
48774650
17749343
63880424
64229831
7435907
81140252
46177032
84961951
41741573
24322474
81849378
15722658
54274566
13316693
87866024
18271070
22221048
38293588
14603715
95186958
83476614
3106570
38625441
2533990
29750507
92365967
72432219
5652151
77516951
84979935
71200235
45766034
58900471
55413449
80300185
13042324
2939289
69896223
87623331
34734107
23013216
99017567
74988678
55528332
39237285
52992720
8581178
70956624
56032192
19282798
9393457
79458619
45921525
29913740
70788468
82172641
72378079
78099384
5096053
71356671
37684147
44139568
70274032
12674424
94092322
73065113
51158666
35845524
50828626
67553193
34239106
68946916
6094807
49634898
53370586
76740219
25484343
32461824
98982171
76613568
28618879
48579584
95203953
89384889
35516565
95450569
89049384
6225569
15190694
66603213
86654549
27822713
60587652
78467934
34519523
22636552
74696112
33509476
39054582
78447365
54981904
90257586
63381203
76985782
27907528
51021659
8602081
20798055
50713058
43398163
15189907
37554620
33957909
45897585
66067551
95732178
77649677
39460654
44264709
80561136
3570828
3236189
50925128
64426542
20103881
88541467
99552292
80694079
74281092
98699567
95654089
29108379
37159186
96057485
10094942
88820072
99968662
34121078
94867446
26104910
52739713
3567713
26427460
52453145
50535089
96807365
60401567
14336687
4735044
7894993
28558350
75664190
16358678
49586915
32391522
81823960
22452571
42176618
17212388
51738352
76109723
72377145
7032078
77757876
14955415
91351353
52731831
47494441
14804572
3420598
59149358
57770013
15389743
9596572
48124352
52082501
22496201
35943731
81860317
81224274
13072590
81272697
75574836
85922693
70032568
81052071
90030946
42355889
33235663
7429826
24103672
73900246
22442097
71610057
22326927
70532730
5924886
72006211
9929190
54888473
97889876
1172255
85931192
10527802
5939957
94095267
4716013
30578893
34261381
57378875
49656732
10925206
61858694
23108982
28141169
52242770
71819119
13291337
64466464
95857679
19174184
27835377
47799777
63635489
99260109
52606703
22890393
5108056
93963402
13801744
9463110
77742036
19965342
81857527
89847666
12079416
11661580
81379747
96486157
37600236
50455265
9407783
76606299
53377315
68520441
11894093
86201780
96429333
48574791
3137548
85891897
95925453
18297959
17715153
63516639
71378707
19290524
51441037
47136338
42257543
40579525
97050378
8351359
67206346
63017654
6082268
55095985
42851721
6883579
63347653
95439464
68909690
26153524
26474820
22476758
80428787
28233766
15807997
38527814
75539393
17263779
4850653
62179863
63359438
96126988
58224712
36149762
76074760
91815655
91180835
48362536
54217093
19693633
57040916
45773136
30170788
49324786
35534266
65729295
61544126
29294711
41891254
72783472
60765603
81849194
30401089
99925029
24783275
35420938
74456761
91185817
20291271
91091797
91662311
38607655
28720495
29245521
48554025
69672182
98939143
7933918
61955414
16676221
3437000
21825237
82942235
97781985
38630354
6148287
25361178
83992606
85619254
24100626
40199181
19687260
2346206
43329379
78932599
39819259
71917887
35651128
53324223
51833171
10636122
8291299
52038025
8431016
76763900
87917545
60150700
66258967
52568345
25965353
29472806
97138872
52427077
43875199
83555948
98379999
43938870
31646436
36199796
31502282
24064360
91204376
64036219
9524743
91593361
80148405
12738518
47909653
75347844
78808383
64901286
71266751
8913310
17117846
32616250
27218354
56099734
32444597
80906622
69687844
3813440
3643919
19830690
65032907
94072530
54196777
46207313
21243264
34958467
87807961
54326171
70459658
13242099
63913574
77705428
20444681
59435870
99627460
97911715
93162179
25473288
63756296
23692316
2849736
55593933
60010125
11640660
59559402
86621148
46913565
82591885
56972388
78221565
95147613
22195176
22670703
35344894
94332552
45257971
90887965
77035109
35123368
4610821
14776586
57664764
26032293
36269358
35875355
28507927
71342566
52852571
5242714
75399949
28461146
13715558
5661613
75412340
43497893
45444585
70892239
46185034
66642771
96150802
8368321
33967570
53041378
36646813
55373215
22545512
34881621
10068262
8178051
80001722
6216944
43201335
69520824
53759559
64604327
20185371
32794464
66670921
62592397
26779610
66567644
84215518
29042395
15396803
57902307
3500589
30394057
22544017
81619199
47345476
61430547
51264815
94414122
28785813
70365305
98854095
41598871
76132859
20834750
32304932
29945649
19963484
1379762
44916962
39043450
71287056
89603139
95079757
20519811
60543386
71817869
30613603
29013344
98067335
34244656
38387937
39296808
51458783
4332297
20297106
26278913
67513033
94821618
9015718
89940034
28265477
91763232
94344580
64748847
55482029
52204900
56023573
99020264
4202815
95459884
37645128
53953241
85122671
47684257
35249179
29618190
10162594
26532179
44291016
95319174
99869831
72591490
5566002
36115061
93749603
94761866
93414787
67032990
30937729
79435808
39632236
33187055
91325317
47707895
64687909
35617960
15552784
12831939
52011198
66414150
79739747
73566240
9362488
48989197
15295522
58049788
81348256
10432874
74936832
74123871
8198597
89445503
67939025
35626796
44328351
13326046
36529081
5303438
55164500
67958248
54510377
14638815
6587505
65059214
86694103
62407514
77610265
37651084
69853058
4357787
66186005
46508625
5794917
57573284
42921558
84651796
98859555
7206150
75915494
34365225
64615511
94148783
2085149
32103764
39443192
99554956
94180214
19680977
13685363
54759210
74554278
11618103
85205818
44188870
45246819
13927267
45710905
2622568
53943390
60978217
67430697
71581739
52123864
17608277
28595822
3369318
56903769
64063951
97300969
89707473
54236876
51046313
39123874
99946248
37246747
35489679
95213025
41207089
16161415
96924188
57050133
40099395
67996618
21454852
51301304
91108584
51322539
25337130
61759173
62093473
68562799
67528998
28701342
3897502
15940907
10159331
56235092
46419576
52592282
28608538
93497310
13962588
37094317
27918481
42835402
52174775
91386945
63282285
33904614
16224811
77978718
39109585
94586097
49034380
94221954
69420153
49795672
70713758
36304302
98660357
34519454
90696905
41840785
99903856
83836997
53917093
33690432
45587033
63995186
75192508
27428284
65312183
81810393
88253655
87012999
66091017
89659471
63163192
42262721
72366168
66234229
74582057
63491077
44426874
63341637
61537333
97593687
98639635
9731399
19758660
54314852
67114950
23033476
31031206
80950051
21413846
41603813
23607006
3520186
70491447
11243275
33444096
39345013
24735624
33514135
9345355
88446375
38596568
31261066
73923485
63555770
52732753
93398009
69005218
90431488
46715165
58848937
97531661
39587046
74214096
68898393
4550403
56850878
30930649
18920582
21552738
28804302
17501656
92677258
1176630
9807260
55070356
9478294
95009346
52405501
88186654
81919125
84643577
19205383
43293094
32209044
61836608
21699758
60923944
10392769
21796499
62537625
4848124
97204749
88175146
49755934
87595930
62116398
31034283
77544723
73215940
21467685
83338620
78444312
15587663
18317166
73466068
18966804
80637754
13917490
30625932
8798310
45573324
32748835
17278187
73441745
40143748
32814765
99633564
93536272
79044414
9305046
71552846
35993878
25176922
38304735
1374581
44842887
21245609
77199542
7014347
14872375
44132292
78355928
42769206
21108755
9601170
64936994
75088959
88023218
75535174
22756848
86671562
64726738
23443939
56679843
77474378
84332427
7389350
75265367
33620290
52836816
50106155
49860026
4211761
49649683
88447985
99137495
29084331
94389340
66835602
94631847
25082465
56733216
94157346
58839568
6038437
79310660
10385843
8359515
11302864
11206987
75774777
23353397
96347938
6522509
70472389
9797781
65498910
82505367
42108749
31907492
10745768
70104211
29378827
37854713
88301660
81768821
45110338
6227981
40356005
76574816
47544553
45911443
62288497
33463053
96712254
4798065
61198414
19041476
86483661
57845895
89683147
53159948
26395434
98942901
18520121
90371105
56154012
82696005
53466362
74181138
92741331
10818298
48225108
24311527
90727370
49883265
78973239
30278304
97612645
72654847
98836897
50216878
56242531
42291685
53959123
60815885
57931282
13694066
89830793
99232382
40769737
14917992
71803969
97329374
41644010
69066464
11398647
28972111
72085399
9366801
86454800
6016871
54576196
97557651
45696507
69818403
9946092
64384713
63372772
27178709
39796630
9892536
91794395
98781006
9861945
62647502
9159121
12119422
46556709
80075489
60381218
94791010
60446555
83878245
51965119
23798448
13673298
66963939
30566213
64398706
24719638
22307609
18987852
28573635
70453899
37828687
23727684
37772239
67640381
12772638
91553398
80862651
35316284
3678424
38042906
59105932
39513631
51002725
42728734
89424594
37260699
24082076
97733581
31312533
24984417
19324622
60963891
30883744
60710110
13660321
1688724
7954895
21709855
68905164
89261897
75097100
60747612
8833878
98844509
20550576
26346029
98930616
83478381
83116860
6943264
27588025
63138562
88086509
85686164
32414127
70510901
96621548
81920389
64819975
53985809
38214814
64490161
93215130
55763139
38990406
36647516
17940560
74173884
55479385
6118099
82420040
49641622
1097423
7010123
87213329
10832189
99313410
60268013
20208417
55507516
2548433
13219332
12513611
35914908
50809641
53450636
20071267
24856369
26997760
48643098
79949607
11822225
24317811
83240414
3574192
51652643
5657952
40512693
93881261
24339713
8807658
40047201
17345485
55324377
87690352
46460205
11104399
16702888
59612246
49450975
31542996
45075678
71649840
53794665
13197708
37600811
17002573
85310543
52296437
77814685
84126409
78980944
95371864
27123927
17286688
43548782
7862297
34432159
51804934
54232813
78184366
85884517
55358233
95446472
5512649
72788076
64048595
47390641
66086398
38389911
4619560
49927104
38708960
42446823
80708001
67021712
40028884
24142988
58330644
55450458
12843787
31022188
35116409
13623099
94524628
6474178
68545185
82144479
56817265
6543966
24061142
95900473
96827183
79055787
82783958
95117932
49817031
22834695
86585526
52257746
35651396
78011069
95208829
46903069
46376518
75745930
79942410
76651032
57024520
75706808
58144898
76495581
2569777
47869821
59194464
62689410
97841032
32040358
22480627
23547251
11630220
26470611
71917921
73794293
61004267
57466065
64664192
55263681
44160674
95385723
59315050
2012144
53854246
60466521
64149499
61487555
66234415
24525302
12059504
73878552
26960354
64682040
69425185
74772855
17473710
62769444
94298146
17213679
20156613
87567727
79675230
33050144
6218938
68308382
66647570
54417519
52634150
89357137
63037443
56483904
12612235
98923800
77453619
46058198
20709465
5213482
37883789
33230423
51579023
17763550
63429970
67976441
46918202
59759433
62833044
95205436
81467717
61200778
96142523
87871426
86820089
89764842
75154451
91720628
92539043
13824376
47660358
33650399
57883975
31844781
73787422
80676060
15853195
14820346
62871111
73221278
11397702
2173862
26424152
42814491
91640856
85059726
28433766
6188099
92362130
77681818
38141324
51162541
3467455
10121944
79748504
51210072
66572136
36826945
96198401
99072463
80975795
70748066
64190471
73859248
37908100
86690566
82699256
51878572
72697523
94186866
7597097
53687981
15524302
78191010
68523584
1311010
61949856
90777218
98404598
99016233
37916858
71738442
84958864
35710111
40139784
62148595
95994155
95028236
