75
71 251 16
81 620 15
65 482 7
50 187 10
65 305 6
55 983 24
73 624 14
49 964 18
4 307 7
45 94 15
78 222 2
89 672 17
46 718 21
57 668 20
69 752 3
54 729 4
69 881 9
60 533 8
14 261 19
43 845 21
81 165 23
17 35 4
2 309 6
69 109 16
73 756 23
59 478 23
79 847 24
47 393 15
77 662 16
35 543 20
55 660 9
73 305 12
76 694 22
48 355 8
19 930 9
54 316 16
41 851 12
36 561 19
79 279 7
54 353 21
40 608 3
29 153 17
49 984 16
13 223 3
94 122 23
93 294 10
98 826 14
35 951 23
88 655 15
53 96 10
57 70 10
30 643 10
91 83 5
47 443 14
81 848 11
96 670 23
7 46 3
44 408 3
31 199 22
80 532 25
82 165 24
35 995 13
27 799 17
44 455 15
8 427 23
74 602 17
60 909 23
28 576 21
72 828 25
88 145 23
80 210 8
76 152 23
92 605 15
53 132 6
92 860 15
