73
25 415 3
72 269 15
23 567 9
10 522 4
17 630 9
43 730 2
56 460 10
14 196 6
52 552 20
72 892 6
44 547 12
23 265 25
68 907 2
88 268 11
51 564 12
67 947 20
14 710 8
69 115 11
98 501 1
8 907 6
7 389 6
48 739 7
50 614 13
14 815 5
32 175 24
5 662 1
89 638 13
19 587 4
16 655 12
82 300 18
67 202 15
35 93 4
72 963 4
92 489 14
51 643 16
22 178 3
41 398 3
22 192 22
59 418 21
39 21 16
62 15 8
4 231 18
61 633 9
26 766 24
74 418 1
88 329 24
7 580 11
41 312 2
59 876 14
64 56 3
76 973 25
17 832 16
12 3 14
39 288 7
43 707 7
73 478 23
31 321 15
28 404 19
40 510 10
72 799 8
3 705 25
65 127 21
90 287 15
52 907 20
39 59 3
98 480 19
57 220 1
28 944 21
67 145 16
13 383 24
64 391 19
28 566 9
2 560 14
