505
461
669
323
320
630
263
669902
364
913
677
828
243
391
673
776
848
654
493
393
741
3337
434
585
612
346
525
710
348
3228
795
490
803
428
454
204
749
769
689
349
93
2897
1028
244912
4838
440
379
280
375
159
984
464
968
300
1267
939
290
962
893
414
933
1816
952
272
983
208
357
2207
288
973
768
419
1194
357
650
720
887
597
827
9558
403
911
902
1050
2446
431
899
527
947
1540
496
826
525
1017
1259
1298
620
859
340
881
3506
488
493
2390
1158
507
505
3264
92
242
2719
501
738
22418
112
12288
978
405
218
801
327
499
1585
738
683
802
211
705
6377
1832
840
671
4112
428
1596
741
866
1276
558
502
641
421
948
393
606
392
355
762
705
864
190
364
626
951
661
370
712
485
961
617
944
1086
793
702
881
855
562
1351
8957
281
288
804
937
667
38070
2615
945
115404
826
667
431
787
297
3252
868
1373
146423
721
629
2275
640
912
4978
375
404
449
686
797
526
15637
851
686
2224
777
776
428
388
1487
832
947
700
819
880
199
395
289
352
223
1126
295
2033
1281
921
450
5220
863
499
1491
16973
3679
964
64366
1613
1990
362
895
497
561
832
237
480
249
366
1073
569
814
922
517
612
1104
589
1279
2967
1420
236
994
1997
807
246
526
1008
781
915
425
307
516
382
956
790
741
762
534
1344
525
447
722
629
2398
562
13557
854
826
571
630
1684
729
517
308
512
645
428
667
778
852
253
648
451
676
720
186
1895
314
663
1356
220
301
746
978
5610
582
528
643
18979
1135
236
638
374
579
425
427
694
618
828
522
480
483
185
233
1033
652
764
366
402
910
570
378
79
607
670
5604
5618
1405
1305
745
62
805
349
991
271
186
1936
796
402
448
881
524
221
188
1008
1144
338
513
288
449
291
259
589
1277
1680
657
1803
1123
687
627
4610
852
953
468
2002
438
707
610
764
631
305
2090
961
358
930
258
830
847
494
234
880
851
737
455
312
829
637
409
17963
552
514
896
272
1314
545
583
625
1016
814
767
712
932
939
972
568
5865
167
1679
966
2851
2376
535
654
1063
765
833
1834
731
668
279
727
1344
987
864
711
746
116
240
359
801
202
721
899
664
969
8918
724
1140
676
313
684
429
799
786
2032
1309
398
386
764
947
4639
995
196
923
1453
671
616
1277
2215
524
1301
700
283
547
178
134
263
241
104
153
1093
371
609
518
522
924
1295
807
505
727
7581
994
876
1050
314
470
991
919
458
756
396
224
906
4902
648
917
853
988
365
63
543
6784
467
891
12028
131
929
383
902
376
210
877
521
345
872
718
400
590
991
184
393
249
38036
153
852
922
2582
449
1132
878
746
217
823
966
833
208
240
410
908
842
742
146
959
942
22239
476
471
957
267
667
876
802
847
667
449
401
498
138
1359
815
923
2579
1774
883
219
728
1024
4259
544
833
702
335
1002
675
1080
285
1679
382
1264
921
1351
13922
2764
525
637
720
247
342
892
454
759
428
1425
567
543
766
950
760
560
976
1232
907
1408
887
1737
1712
1265
797
787
3168
737
846
1709
466
618
876
972
1157
1435
997
281
624
455
845
932
5762
565
188
817
807
524
871
197
910
14040
775
322
1283
206
615
965
781
226
965
955
1020
151
657
779
185
332
701
891
519
1570
146
174
541
719
915
2519
723
527
831
794
1949
393
842
690
1344
363
4941
714
1414
246
837
1797
989
842
378
718
423
6290
416
1084
1742
346
594
352
429
2353
844
32
675
117
729
985
1092
503
858
663
846
548
850
498
6437
5129
536
459
674
442
695
8216
686
587
271
770
192
392
692
3709
1342
184
190
715
765
616
565
809
742
659
1365
224
368
584
838
225
331
53864
610
729
1230
765
699
120
983
785
589
810
900
2392
834
226
614
757
927
266
1267
980
894
548
1253
268
481
223
518
956
959
259
868
916
288
476
645
490
329
955
931
608
984
735
3846
328
629
841
419
958
372
569
446
816
1641
501
457
639
1245
567
493
378
531
599
230
520
830
6063
1158
436
480
194
665
321
611
658
308
3982
726
892
210
1477
425
630
701
299
982
214
3161
956
1023
762
767
350
436
1674
481
2809
1011
494
753
726
468
786
683
490
590
836
104996
2009
750
2627
6493
4165
219
866
169
840
309
493
1014
614
454
740
453
907
555
327
459
3632
619
831
1358
30386
624
1262
811
3363
1036
662
1241
636
795
1167
314
341
982
319
224
983
712
264
412
629
928
1266
706
1090
470
831
999
382
744
641
463
973
852
598
251
630
11289
99
650
902
524
105
388
833
286
820
1510
979
361
386
3757
644
438
1051
348
882
2434
27793
437
784
372
1348
392
457
537
248
892
392
426
772
991
2453
637
487
274
609
561
1958
911
802
343
245
2076
738
963
793
544
933
954
449
644
127
876
928
668
907
420
275461
834
629
198
14878
239
982
496
602
364
608
940
1427
726
142
248
8148
783
926
40
484
4031
2035
793
725
2066
664
591
796
1508
548
281
987
919
459
676
9532
270
467
201
540
583
402
959
3912
293
799
736
79
955
382
424
772
953
275
396
903
481
582
17142
282
469
950
3495
914
186
540
808
132
507
441
856
788
983
1718
1662
5806
840
273
709
242
985
228
287
854
4206
1998
799
823
813
947
447
343
3882
469
870
950
622
715
467
853
761
498
249
900
854
306
992
1433
386
810
784
9076
583
822
925
1431
642
403
1132
1000
75
780
512
6644
997
900
1356
578
594
280
518
999
435
380
492
816
652
536
441
426
860
1582
306
413
1728
247
492
332
907
168
330
474
13570
495
424
889
952
984
9411
68
2222
825
751
892
1122
865
1404
9025
792
404
915
783
970
791
777
855
664
623
610
753
475
746
2379
675
3983
676
1909
1345
1064
835
637
452
1054
427
601
671
600
965
786
471
243
957
958
1132
752
226
627
709
172
269
1275
921
723
867
453
3505
700
684
338
308
1154
969
706
1082
334
120
2822
1032
14723
385
996
308
1362
2502
331
3431
3077
478
874
99
846
2669
1300
995
589
742
4982
417
307
1493
534
104
1639
707
326
656
541
738
622
761
852
367
704
293
325
280
7654
344
631
880
457
540
838
1024
2337
734
215
104
4862
944
963
1224
529
361
774
1944
610
795
1181
651
532
2318
427
510
42
6308
1910
384
386
616
1021
1303
956
997
899
481
760
518
675
346
183
48
6672
293
687
689
265
272
736
549
940
482
1650
6761
537
350
218
140
754
82
754
837
7378
39842
739
543
608
452
517
1483
1093
240
875
273
490
956
231
633
283
528
298
657
265
90
515
335
465
828
867
362
267
511
844
187
871
502
543
379
184
456
493
472
373
654
913
527
583
724
14020
267
831
271
3302
832
739
1449
848
486
301
261
1306
475
313
3127
893
625
701
467
743
308
308
668
916
1533
405
1208
563
387
943
871
1665
8397
1877
560
353
1276
248
733
643
777
879
735
455
344
4144
511
358
3122
721
624
2941
766
138
529
996
658
1664
244
727
209
266
1168
506
550
503
3826
968
1020
994
577
278
712
514
408
1104
1405
801
602
730
6963
448
1795
193
1137
602
786
408
893
217
401
1169
56505
996
1090
519
499
480
683
1642
714
560
467
4408
656
959
986
751
143
487
407
259
934
350
1085
610
927
762
685
651
200
241
698
966
304
889
873
1031
4621
398
876
686
2588
804
396
123
598
689
442
499
1560
3028
632
458
373
386
24622
1935
1347
495
1079
216
749
247
487
2997
313
251
844
185
4856
595
901
553
519
556
453
530
430
946
578
673
998
739
655
672
90
860
793
878
296
1454
4826
915
797
484
637
474
664
3500
172
630
673
979
975
468
814
1193
443
441
1006
812
517
570
527
272
548
738
938
362
560
1421
1122
351
1724
365
2110
705
101
641
539
455
872
418
458
227
327
993
4276
810
565
681
407
601
4586
368
303
342
727
982
788
788
758
939
464
841
379
693
2001
421
618
596
328
405
413
1724
643
370
746
177
857
290
744
167
729
543
977
1481
2241
509
185
940
641
731
183
735
718
285
514
561
201
748
303
824
652
681
466
558
488
844
137
105
713
654
9546
766
21560
938
568
732
79
655
828
28559
236
1362
1053
234
147
972
383
641
843
488
576
710
575
1462
922
1554
447
402
464
1372
675
595
977
811
775
3335
311
599
491
382
600
651
566
453
334
861
679
1858
862
23225
4381
896
412
1060
491
524
617
948
584
826
767
265
484
344
922
945
983
442
519
92
426
1192
236
503
1023
998
393
716
911
944
907
2459
4778
465
479
95
471
562
835
623
354
578
241
490
1624
166
826
642
145
5753
476
744
814
927
381
686
675
551
217
946
812
679
596
428
4051
228
367
690
1183
724
893
1187
577
759
1142
404
25998
379
698
831
745
585
291
1316
537
2631
711
381
889
639
902
433
506
178
555
3022
416
174
471
297
201
2944
837
91
1072
1706
376
928
364
896
879
788
389
537
673
801
561
967
80
404
319
251
362
560
751
1070
693
666
491
578
444
1436
629
608
734
590
1753
818
487
812
792
681
906
498
182
677
998
99
186
433
594
2072
867
843
272
485
9825
338
880
752
479
794
902
542
449
457
3303
1209
488
638
846
1380
7370
180
339
225
499
486
777
666
1703
491
355
712
602
913
1559
875
289
818
835
530
471
129
668
959
491
456
464
8062
20668
411
875
475
312
1861
674
938
94
3619
5113
305
597
475
496
1506
146
2024
828
1953
841
107
496
201
640
392
1265
446
5271
434
683
796
938
1180
384
224
542
771
138
8802
739
662
559
1200
906
2699
602
502
893
294
372
543
514
525
129
457
755
894
945
149
966
925
538
1551
2259
283
850
198
3235
17972
816
968
735
285
961
6106
689
543
439
237
376
641
131
2591
6812
916
634
1148
397
466
875
393
640
190
564
782
2402
456
558
516
238
495
14864
378
638
643
427
361
857
791
182
2994
865
557
644
716
1376
927
396
239
536
335
438
845
633
939
917
688
1677
1816
555
1899
517
1447
861
9049
756
639
814
664
760
842
1299
855
565
418
674
261
806
921
87
406
613
973
1104
948
835
379
496
962
470
884
1758
682
1082
574
3104
806
441
964
585
29060
2331
1572
801
605
1886
422
919
51
728
605
338
847
659
87048
126
2987
792
2996
507
644
442
508
465
30518
1315
200
690
512
412
560
1541
325
809
340
907
969
643
707
880
883
729
1533
887
616
683
696
1151
608
4532
51
915
731
2198
984
550
730
814
766
581
794
74
540
458
112
970
194
565
188
202
919
2719
789
424
802
1644
525
314
743
632
6385
888
224
903
976
283
293
102
601
1100
580
720
217
6037
781
65556
8955
480
289
514
671
1459
896
3766
2079
1127
90
493
1053
789
1718
1754
314
1070
739
732
670
854
522
657
655
1050
698
791
533
580
322
785
584
445
234
549
696
196
4359
960
4205
682
1171
715
675
2727
620
2260
491
709
1213
5548
131
239
497
17123
743
570
4951
2445
801
279
964
808
442
5915
717
634
46
1147
236
919
611
2956
436
528
225
1045
905
872
262
530
811
420
350
1500
631
378
8102
115
4740
289
311
370
954
750
494
3674
217
613
745
689
433
430
780
501
184
397
1039
104
558
1239
436
797
2369
738
965
169
1089
2767
1652
460
998
854
734
6547
753
571
900
511
215
535
633
791
378
640
362
1176
734
917
353
3046
954
641
1142
10505
350
851
802
525
408
592
956
548
1111
841
1295
330
1848
280
293
763
3319
459
409
338
440
1095
5963
8306
982
186
788
262
645
813
579
727
938
361
342
66074
782
470
928
807
672
447
4173
866
820
643
107
403
820
837
990
541
553
1805
4465
4321
1671
379
383
347
818
695
1166
416
720
516
807
479
846
644
566
1473
367
487
970
775
844
759
288
464
106
510
600
1185
667
632
824
726
79247
407
634
19399
790
600
215
1067
626
957
271
701
1508
560
750
295
753
778
623
2356
8877
366
691
3091
693
365
181
865
671
279
15010
468
125
499
222
311
1236
807
289
2927
593
1965
2513
429
314
548
743
981
336
1289
644
531
529
2226
719
885
601
770
321
805
800
370
664
736
632
594
2447
197
876
824
416
882
676
424
954
140
294
1552
251
287
450
158
530
756
292
1054
1681
848
1349
382
382
245
23099
1087
421
1073
507
1199
1786
1289
1279
697
592
617
7688
931
987
360
481
679
215
398
969
1935
1969
572
991
633
335
692
880
950
567
1728
745
346
686
948
667
770
515
447
919
809
714
742
621
788
967
857
431
389
968
564
670
1735
363
605
697
505
899
1100
3653
437
610
606
247
372
319
339
792
942
420
265
4597
434
545
847
787
976
407
533
183
1454
4210
217
530
1217
508
501
396
688
830
1319
937
312
937
396
999
367
842
393
619
664
347
366
311
1452
818
1090
532
729
818
367
1553
775
1024
825
174
683
829
773
485
826
577
683
646
1091
693
895
319
1145
2012
13482
225
511
384
444
5729
410
972
518
745
571
370
487
714
289
377
990
313
656
307
454
527
396
1722
479
447
1023
2317
4393
266
677
361
975
648
831
440
492
358
789
792
548
1050
1318
322
736
527
700
556
250
853
633
494
427
431
786
561
776
1547
986
727
670
627
489
313
655
581
523
721
354
539
1277
1114
12766
131
844
143
939
758
503
333
911
606
873
760
3068
342
516
573
854
301
683
623
1320
803
761
50
233
534
794
811
593
894
130
420
1302
802
853
25683
768
32625
869
434
633
908
428
470
301
980
741
781
58420
1241
528
833
498
192
2355
645
747
546
394
572
608
1014
554
71
798
742
294
904
513
891
766
669
479
644
369
1321
1712
805
506
468
792
512
604
286
417
505
504
725
5483
442
810
932
313
1040
203
3416
304
1023
1144
167
530
900
513
469
446
667
317
1414
927
5105
901
939
411
409
958
928
105
886
266
854
899
1050
77
890
866
1305
486
570
837
974
194
795
982
647
534
859
1560
867
1002
704
794
324
13110
319
745
591
752
1291
179
139
283
2026
573
806
466
778
447
881
1012
668
915
640
931
267
816
244
19301
575
582
654
349
401
1142
550
584
260
353
587
740
877
647
2630
544
23440
47825
3230
582
470
302
464
751
399
313
484
690
1836
1100
921
837
293
602
722
553
184
945
913
401
295
1453
253
771
688
1231
47
838
254
1291
775
308
646
1533
938
485
440
358
265
896
624
855
757
783
541
2697
2070
610
117
522
731
474
802
246
915
937
3263
1159
977
1104
1020
437
1543
1813
967
398
362
2187
258
947
949
1057
414
565
408
1084
694
99
840
633
335
1000
2004
941
921
502
613
13481
2274
512
322
558
393
999
863
834
218
1155
754
9797
757
2595
684
575
428
800
561
973
918
980
158
679
443
477
943
672
778
864
5711
285
3678
1128
998
998
823
2002
659
1671
372
1842
705
402
616
449
278
934
696
879
97679
703
438
1177
218
312
144
714
306
575
491
682
2437
3860
716
870
638
211
749
463
439
1512
174
1014
993
3654
673
840
867
694
62
395
6985
197
1958
3377
1694
592
756
352
601
863
421
1332
220
506
837
431
429
2970
531
752
868
475
256
805
326
883
835
223
762
910
874
905
564
858
242
239
1164
517
2903
713
846
698
10711
702
774
861
10662
307
1354
320
1060
131
13787
582
489
2174
1356
976
191
807
1203
771
7916
969
630
902
458
766
629
663
929
711
433
1640
294
66
164
637
820
513
106
913
372
433
2987
486
671
25
963
191
792
637
4591
789
550
1373
130
2076
253
211
6400
691
5094
1838
995
719
657
531
434
206
1648
185
2207
171
960
2812
961
2944
1268
623
374
327
333
742
3019
883
2337
489
440
3270
553
590
628
633
555
860
585
724
709
640
268
6910
225
377
1250
1178
844
862
961
68
3822
651
322
1138
836
851
740
605
1863
1228
220
973
129
130
4209
445
954
364
970
363
285
226
495
852
815
569
987
800
937
26929
1266
1838
1499
311
348
789
2156
1017
369
332
745
727
1069
664
807
611
606
883
769
881
482
817
549
741
828
3118
374
564
512
38162
184
1582
458
980
1585
897
797
164
3783
4328
731
1606
394
402
656
381
1407
1533
419
562
519
812
991
1571
495
393
559
395
43
745
934
7098
162
610
650
263
945
2793
799
795
619
990
1013
126
405
788
435
38919
222
779
759
650
862
482
612
859
761
555
443
838
339
274
315
809
491
527
1124
1272
12331
856
194
816
999
692
167
522
627
782
2710
932
616
731
359
505
2961
400
718
729
1229
691
1068
1386
11078
924
638
965
625
1521
389
509
877
355
1151
599
821
964
853
301
818
631
838
554
581
891
672
477
790
454
432
850
1841
1549
270
924
562
593
766
414
920
649
386
387
335
470
2928
342
587
1019
652
168
448
1587
810
912
315
378
630
838
12652
396
500
1237
1227
685
2051
473
643
345
896
331
688
523
508
929
535
923
634
645
866
858
7765
284
237
954
1102
1032
965
600
486
1273
852
493
686
950
583
4467
862
1166
122
487
256
710
2501
954
364
799
3859
411
879
1995
1469
668
969
496
922
434
995
732
21480
197
523
941
17441
548
542
628
469
1120
1085
918
3085
830
2177
1049
2859
474
458
2344
1092
1619
722
1530
701
652
299
2996
639
1896
829
804
1777
187
713
347
638
980
918
270
626
796
792
529
554
823
524
753
912
474
938
695
317
2985
294
4145
320
965
359
933
237
775
437
1010
649
515
741
4
2072
321
2481
679
602
2609
698
1060
589
540
434
294
1577
5722
584
105
499
1027
882
202
776
373
785
663
323
814
534
300
427
1881
896
382
996
784
896
831
859
2169
431
333
307
309
844
533
314
272
675
545
330
3167
9812
584
813
478
333
733
993
181
963
1307
98
763
320
506
2377
546
174
448
790
482
585
511
781
817
1470
411
3365
731
1359
1685
419
1562
844
2053
957
621
753
1489
721
738
479
2034
734
346
1120
568
1245
524
923
901
