3645
179 836831 1660
203 572804 1244
77 783294 1172
323 69160 704
284 696865 2181
368 686300 1091
263 154551 2246
882 669020 1
364 749233 2169
913 90311 2348
677 64883 1805
828 869567 2391
61 196081 810
103 836094 2142
673 165730 792
4 661864 854
848 59180 1243
396 454182 696
493 58686 542
393 222796 2104
741 192868 747
129 190075 57
434 554743 2365
585 491606 2288
612 910708 1608
48 581036 1684
525 764429 1869
710 758097 2116
348 138451 1339
937 189487 59
795 555371 904
374 343707 703
803 120206 1132
428 399937 2343
454 937138 2432
204 232300 1714
749 139515 356
115 200558 261
689 256685 479
349 808740 2359
92 117895 1279
649 981185 339
926 882300 860
476 979170 4
211 677076 140
440 100891 1966
157 513284 1357
1 635221 2271
61 243115 649
75 238629 1510
984 509656 664
464 206693 1787
602 877759 908
190 199710 668
738 853986 675
939 200288 1960
290 340175 1836
962 231539 1313
893 25622 1020
410 798854 1933
933 152461 1953
706 75539 42
952 400912 674
272 158487 2407
983 446853 1097
208 179133 1983
105 539685 1516
403 829205 376
288 427616 2261
973 716482 2224
768 527430 1327
419 77717 1798
60 985459 826
357 255273 2156
650 574790 995
720 370193 1987
887 818119 1244
597 856331 1906
827 799770 1021
993 562921 59
77 896926 2227
911 971562 1316
902 525104 639
124 502581 479
604 909042 372
431 581532 2479
899 215313 1392
527 447482 1174
947 279287 2125
247 771264 501
496 345050 1591
826 623603 1870
227 927444 1770
639 957538 943
471 984742 783
264 921088 710
131 525622 849
859 494242 1129
89 48837 144
881 913137 1450
515 402606 115
216 934547 1918
493 771871 2249
842 811682 340
280 240541 208
153 670343 1324
223 506833 1005
346 600081 184
92 96514 1432
242 32235 1065
121 812608 299
153 970425 1939
738 594978 1434
791 895915 40
23 216105 1937
186 491304 40
978 277646 1346
405 312704 1209
189 386667 1781
801 413306 1346
327 210253 2296
294 887242 1782
13 768712 485
738 389096 2404
683 607396 1104
763 948713 1185
82 458779 2177
705 597012 2238
903 815243 128
98 770970 421
840 131596 645
671 973766 1688
477 789001 192
428 869431 2063
248 519852 326
741 271727 1848
866 54423 1645
501 862678 677
558 173500 942
502 248090 1858
393 641783 1003
421 323006 1700
948 623896 2028
353 689974 1757
606 196570 1865
175 560894 1434
355 315382 2249
762 68733 2238
705 656147 1433
864 560981 1447
190 1149 1173
364 52201 1952
546 895896 1433
951 534412 867
300 372728 565
285 598670 1621
712 145005 2500
451 814995 1684
961 581645 1162
617 204409 2005
944 949641 2059
82 835678 770
793 70155 900
702 99668 1115
881 130110 1860
855 578946 2270
562 262799 923
38 834305 618
546 429388 48
281 130696 608
217 333535 1161
804 298786 1070
937 606560 1543
667 134601 2168
725 989073 26
53 867986 332
642 116459 124
116 576902 5
826 161995 2423
667 243738 819
122 224728 522
787 481180 2464
297 381204 2487
650 783017 241
868 105326 972
735 626321 457
616 731499 5
721 374966 1449
629 20943 1552
713 354054 156
640 53288 581
912 503805 1642
219 855980 172
375 305504 2096
404 234153 1575
449 64373 1321
686 218019 1072
797 472105 1431
526 687222 1615
994 374277 24
851 39569 311
686 500475 2383
88 860235 387
777 314355 2002
776 879254 1963
428 245916 1907
8 197025 508
569 574660 387
831 680656 820
360 888467 939
700 72013 1337
819 583821 1193
880 21391 389
32 425664 2143
395 392171 1597
289 341371 2360
246 687218 1954
26 92877 417
923 474238 422
295 239925 1759
396 954703 470
724 665201 520
103 900620 979
402 937275 2084
655 563092 108
863 966606 1277
499 769343 2315
503 641870 431
818 610204 36
633 760911 207
964 269209 944
742 127990 2
642 539681 335
61 937124 471
362 555063 2136
895 472187 1207
497 124722 484
561 178531 574
832 566966 1052
237 135140 1241
231 690134 1441
30 504036 2032
366 162212 514
382 943258 880
122 748403 1316
814 185059 498
922 76236 572
363 915565 1774
612 193185 2130
304 931065 844
589 3229 2111
77 586609 459
109 726769 245
739 893777 630
236 108612 1591
164 963161 970
293 654480 328
807 664423 842
169 489884 1993
260 357914 681
506 212047 211
781 656835 1893
915 536813 1983
44 334565 788
235 750996 2448
516 184829 1414
188 427711 1123
956 22445 1672
790 612624 901
212 816977 1103
762 315151 1601
534 743926 1462
505 706195 526
497 593555 1132
447 166488 2111
55 905451 1255
629 460044 1135
685 704177 294
99 953424 1699
961 595525 44
854 804302 2417
826 91470 611
55 960872 1685
630 530328 1953
92 988384 587
729 529517 2095
467 836567 1620
308 365480 2071
512 929475 2318
645 814579 1705
219 155257 364
667 121124 738
778 455184 1370
852 683088 1194
253 205391 1521
33 834876 1289
451 916485 2245
676 278898 1810
720 20223 1729
186 103359 1666
885 330683 175
9 269033 858
663 198113 314
987 903203 667
220 353680 2202
301 364280 1533
746 419890 855
329 329137 337
956 700247 125
582 201473 2207
528 61966 1087
643 145072 1216
884 758264 40
345 775621 684
236 37759 616
84 699398 1097
374 117983 532
387 870256 1504
58 586693 1382
418 864240 2025
694 277860 2306
618 755305 2085
828 151330 1295
372 941107 1806
480 142346 779
483 577602 1378
185 244345 2373
178 362788 1563
435 408291 396
620 807477 1240
764 125295 671
50 426022 1167
187 959542 2388
898 271962 300
570 484689 1954
184 821608 2178
65 174126 2217
607 266181 1899
670 252431 1341
389 526339 94
830 583389 104
403 418156 298
920 479141 368
745 514346 1977
62 19652 1796
464 616260 767
349 71807 2270
991 142232 2422
271 119006 806
179 50751 274
449 750539 388
796 594577 2242
18 251914 627
78 731857 1636
881 411068 987
524 277200 779
88 389998 1770
188 54303 1788
6 671694 667
724 932040 816
50 680745 2019
513 261937 1259
288 268332 2473
449 927892 2318
152 324381 1118
259 10195 2003
73 675114 1147
323 473267 371
90 184667 110
657 618010 1822
230 994971 552
779 516889 461
658 457302 667
471 792497 1265
375 603453 131
852 731514 2057
953 198087 2245
468 200925 545
433 467825 234
438 30051 2128
176 766846 1085
158 523645 860
764 241842 1016
631 643842 2492
305 16725 1295
678 885348 424
961 88789 522
87 848151 2374
540 649042 699
205 597986 2319
35 600241 724
847 493570 2144
494 325661 2382
234 208346 1982
196 717781 816
241 646225 760
737 771745 1841
455 427810 2376
135 707234 2271
829 60859 1686
637 781371 1845
127 492482 1206
785 484195 27
552 112789 625
514 114709 1795
179 685918 766
272 90302 518
365 396402 302
545 821357 1812
249 368683 633
625 57588 2252
555 835565 823
814 531488 1912
767 225537 2118
712 127772 392
399 709034 762
939 407131 552
972 411654 1145
437 978965 1727
296 668263 114
94 353701 2130
811 494278 295
966 233394 932
20 384765 135
877 973123 410
276 511869 959
654 42119 2356
783 579534 546
765 17853 815
833 63704 1953
385 193991 106
731 580716 1435
668 808958 1836
279 115329 2396
497 904162 1245
412 647001 482
987 1656 2435
864 809725 1472
711 271496 1889
746 621002 1334
104 243212 2106
162 433101 1808
55 625370 1744
531 213943 268
202 2696 236
721 98270 2396
899 416682 1669
664 950358 1799
451 634698 656
838 935516 105
459 824736 1140
352 866637 761
80 776456 1149
100 332580 1063
684 793744 2036
429 4617 178
799 716433 1708
690 530552 676
564 765239 377
807 895318 685
219 645504 1624
386 63342 1088
764 575936 1770
947 535058 1107
959 778385 168
995 460 3
196 192529 1312
923 454221 2344
161 743772 512
671 995940 1619
338 841007 1368
368 938820 736
954 461852 209
524 297160 2082
689 702957 541
700 2509 1035
273 279234 990
494 462234 847
51 298957 1687
134 191976 2225
263 318462 2079
223 244623 1018
81 238194 2311
142 372200 2445
12 477464 437
140 372602 1006
609 202554 2000
212 592551 1146
522 229525 1109
924 76100 2250
196 502067 388
807 219742 1455
505 302682 2228
173 581243 800
275 545553 72
994 849848 1348
876 740211 1125
988 708669 676
112 583535 1864
470 550604 2438
991 970590 1543
919 28211 1059
20 822120 1798
756 780928 2421
17 639480 1617
224 373285 2283
208 601736 665
145 342945 70
648 424128 1781
917 183595 1975
177 956202 1122
988 458061 1260
365 541441 1543
63 30953 2363
543 524428 2244
399 928895 137
16 267340 573
891 105654 378
380 685200 57
84 249054 1915
929 416522 1697
311 922076 2410
902 359297 538
156 356578 950
210 91375 1478
160 815574 931
521 133171 2231
345 488382 1796
872 786612 1070
718 722800 1713
272 652013 1631
590 99726 252
991 431139 1722
48 274456 1494
393 219428 699
249 225069 1153
465 950433 25
123 221563 1455
852 474198 1746
95 630941 685
172 420607 163
449 524805 1535
622 869181 769
878 101899 1835
746 82162 2456
217 84513 2047
823 184882 741
966 84959 1623
833 311823 1422
151 355334 1715
183 534908 2234
410 173698 1858
908 459885 1772
842 725065 1933
742 908603 1227
146 49525 568
959 599323 1386
942 782890 1418
369 889188 40
476 94103 1338
471 433105 2154
119 322240 337
168 463686 1740
667 372607 1872
268 339257 388
802 481882 2165
770 699008 827
667 537180 1714
119 953594 2128
401 441720 1893
83 728767 1464
138 106135 1721
405 544514 401
815 475334 1691
395 964026 1046
239 280765 109
343 623775 352
539 578232 656
219 407460 1905
728 160946 1473
655 629567 616
460 753359 177
304 976805 1799
833 480761 2431
80 918766 1309
180 17879 54
356 701510 701
41 984041 1460
123 259918 241
34 278291 980
136 746713 445
382 504684 1864
22 727894 576
921 552681 1158
852 95007 71
881 959672 69
436 378108 137
338 839872 1602
637 697846 1882
720 854455 1646
220 358772 1454
342 183180 773
892 233564 506
454 710652 1572
19 945348 1247
147 649318 1520
442 113508 80
567 458167 1441
543 202707 1887
766 284887 795
950 892982 2218
760 346305 1155
560 554551 1555
375 672656 690
510 600668 488
431 877360 968
532 734107 522
108 821559 927
108 519189 299
159 807566 472
669 330732 262
797 595025 1825
646 440549 561
152 633428 200
62 533461 724
846 536352 2057
751 913369 535
389 52732 114
406 955090 1548
876 549674 1316
972 358857 2272
729 975777 844
842 330514 231
997 620388 852
182 354889 1268
624 767531 1314
455 448732 2150
845 38767 362
897 331673 357
305 771695 134
565 128201 2389
188 189301 2166
817 404186 872
184 833246 1034
196 471135 901
871 312302 1828
165 270001 1375
910 837703 1858
983 462320 33
775 341154 2269
54 559210 1739
932 648250 506
151 287257 1398
565 991588 1615
962 476542 495
781 552834 1226
226 170183 2322
606 961257 997
955 831482 1611
289 329942 324
32 289915 1926
657 546805 2418
229 364887 469
185 375877 2337
332 589479 2139
701 877034 1719
891 373228 2213
519 201817 1644
31 972828 620
146 139739 1676
60 245093 1409
541 238315 1323
719 683177 958
915 554768 2460
409 261471 104
723 102948 630
48 787436 1496
831 523918 2138
794 150250 2258
862 691031 355
225 977610 2491
842 599584 1096
690 372164 1901
827 954715 711
30 563535 1554
827 987187 200
714 96525 1021
645 966290 684
246 497615 2204
837 781320 1664
817 239978 134
989 751105 1888
842 364604 1556
353 329146 872
718 823959 1651
423 375526 1029
270 911759 145
416 769306 2051
265 414796 383
326 926074 532
73 852920 2471
594 729923 1248
352 25887 1089
429 211874 1802
750 234517 100
844 323490 2313
8 22756 730
669 943069 1399
94 263793 2271
729 982845 1941
985 864815 1498
782 479690 440
194 899172 1790
858 272662 2275
236 24923 38
846 462393 1974
548 533199 2397
850 508743 1426
498 293026 1695
442 977892 152
432 799560 156
317 871327 1628
459 145353 1725
674 779295 1696
442 475298 1636
695 257584 2290
770 451072 55
188 655410 956
249 847708 1445
110 557459 2058
770 119990 427
192 33228 1666
392 488005 2207
692 659055 2380
144 760200 205
547 868813 648
184 239266 1801
108 320933 1695
715 370527 2266
765 666287 1167
593 412948 672
565 990101 2059
809 758977 1219
742 130227 575
659 683798 1183
745 604895 444
224 331869 1657
239 126141 344
280 537855 923
154 553236 661
174 401258 1788
249 768849 2325
641 699588 13
105 847802 1391
729 701349 2278
743 922359 751
714 231785 304
699 127342 1965
120 27269 1561
983 171918 2499
785 213103 1956
589 437390 1359
810 466044 993
900 619590 1462
845 508563 213
175 976559 1172
226 297913 2258
614 349305 1039
757 20194 1521
927 121282 1066
266 494062 1906
29 629600 497
980 29863 729
894 315689 1268
548 277922 943
136 375615 300
125 575754 2151
481 617648 1336
223 367503 2114
518 143641 1702
956 448642 1096
33 755010 788
258 176721 685
868 104719 1999
916 790337 2021
203 428470 1489
94 885637 1862
278 529722 822
387 254763 521
329 83319 1597
955 104672 1797
931 58604 1517
126 956736 1574
129 363763 370
735 132617 1819
269 734312 191
328 44038 728
629 211433 1225
841 579046 1070
419 117838 464
958 424805 1796
279 696279 1876
569 587314 2114
86 482982 1084
816 364786 900
976 205721 126
501 607759 1849
146 311012 682
639 844579 1939
306 933063 750
567 1746 263
389 716792 1457
378 117759 1740
531 799462 1666
15 423828 708
177 562849 2448
389 398175 767
830 677345 1172
245 412032 68
479 924181 799
194 826353 1900
480 741179 2480
54 392660 2032
665 468123 751
158 345106 1076
611 280427 1356
574 481162 733
308 581213 2410
343 783934 197
726 801699 2446
892 38015 651
71 514506 2455
679 361092 245
172 747141 1762
630 602766 2341
701 101207 1163
299 440243 2474
982 665769 1468
214 72026 1365
707 884164 280
956 171405 1034
557 594502 582
256 808886 1062
767 673367 1702
78 422259 1207
436 108323 900
563 896554 536
210 944189 1965
713 788554 281
610 585419 580
262 930840 1887
753 727649 1193
726 895913 1770
468 989882 2330
786 853619 1984
683 449978 1967
128 953919 1948
590 359043 1951
151 591533 708
480 209512 2
343 339096 169
750 6471 1110
653 524685 200
117 493314 76
788 607238 146
52 230354 1056
708 543879 629
169 233933 2451
328 331443 395
309 21296 957
493 807942 1669
69 981786 969
614 212141 1546
226 944374 2082
325 973814 1317
188 281877 624
658 371804 411
555 930667 1833
156 701984 2149
459 900306 2289
489 635036 175
619 664816 1762
831 552331 1845
397 546645 403
376 637720 21
624 27431 2374
231 773084 613
811 560494 1388
899 870079 259
565 180701 175
371 312467 473
559 985319 795
636 358379 1115
795 249952 1483
712 269840 232
314 707745 2282
341 541844 2004
982 40658 2147
280 235553 740
4 355708 1589
117 741847 755
712 21099 1849
10 589009 2235
402 821205 1998
258 530487 844
928 126116 272
994 712644 564
706 921462 1307
153 957335 879
470 235498 1744
831 189486 429
999 988734 1547
382 691457 1905
744 572186 1641
641 127187 2315
463 119012 1625
850 953730 982
852 169490 1083
598 501841 1056
218 336214 1344
630 264670 567
974 890855 79
24 112837 1150
650 509475 1828
902 634447 1110
524 278531 1047
105 121918 2429
388 228336 1998
833 943704 1847
286 662236 2408
360 783133 956
189 467676 310
520 249060 255
361 810920 2330
301 123313 321
558 878500 234
644 198161 453
308 390789 894
682 496226 473
272 297177 856
414 825989 938
15 194675 80
459 666572 24
383 790928 1811
784 721078 1096
240 616433 1658
402 497000 369
392 257883 2203
61 878319 1926
487 874330 1630
248 180461 2399
892 267003 1151
392 264697 1840
29 107322 252
342 447220 580
536 641296 648
593 833166 340
634 434087 683
487 119495 502
263 529971 1939
490 103021 170
561 333730 1382
530 684589 350
911 695451 1301
567 897454 1120
278 826738 2414
96 500557 2051
962 756547 365
738 471756 1266
963 935409 1765
793 412651 2059
544 540349 1150
64 923874 991
954 257569 1855
32 861393 1920
644 419575 927
127 166884 1831
876 723843 1257
928 451417 1205
668 331628 1393
561 486275 537
420 86648 1498
580 550341 2
834 186669 529
629 213747 2379
44 268260 1359
713 237324 16
239 125292 1639
982 425378 1447
496 72626 423
602 307423 1107
364 138973 881
394 937115 1543
514 778932 830
797 645482 453
726 506023 2329
131 268216 1900
16 220917 893
302 162652 20
783 994735 2129
926 733182 926
19 82491 2114
484 403802 1114
656 801354 199
643 922887 454
793 203431 839
507 192811 267
612 650065 315
664 133936 1925
276 774857 1312
48 741661 932
518 958249 636
548 891821 2351
281 29770 1392
987 124831 1047
919 863268 2176
133 661034 1442
676 671549 1691
419 638191 67
32 602397 2236
467 383106 979
201 198816 1786
245 961416 1783
583 808010 1905
402 37586 2441
959 126014 1479
990 808677 207
214 439490 1503
799 94 632
736 468510 1942
4 155064 1967
955 412391 1306
382 112117 1312
424 375461 1058
772 57164 2459
953 637457 1189
25 382033 1390
396 14681 1551
903 405061 2425
333 319035 664
582 668141 2233
338 702458 41
244 103097 367
469 131211 1009
819 332480 351
515 869615 249
914 279133 1762
186 300132 2302
540 427867 2461
808 98244 1347
81 324486 2464
24 953224 1881
441 730805 2499
856 228398 1423
788 502295 2207
983 327104 1215
298 685015 399
185 970370 584
815 701634 121
840 217421 1082
273 112549 2494
201 493941 697
11 153155 634
985 536250 1094
83 465836 2047
141 304403 1062
854 710321 1273
224 395058 94
54 736999 369
593 550245 690
823 309476 2389
813 712868 1512
658 673128 712
447 367935 1061
269 713723 2086
461 601176 155
226 746083 1594
870 55066 595
828 881563 929
622 542997 1157
462 333705 468
341 289400 621
8 986651 1157
481 764324 1005
113 703890 1415
249 351293 2353
241 881075 980
854 197213 1727
303 122507 402
733 511850 517
206 613033 428
98 776809 2016
810 147543 2485
784 6112 1906
553 988731 109
404 451705 776
569 878388 1070
636 199967 217
696 935011 654
642 434785 1802
403 348196 2231
676 963247 852
976 891857 893
69 100694 1352
780 583069 1550
183 895038 1749
762 909356 137
997 207460 921
854 820993 914
90 384947 284
578 381060 1319
446 832108 1402
280 56684 2360
518 73421 1982
999 644119 792
435 530135 2492
380 385272 1836
492 522888 2480
293 551531 677
652 474361 1139
536 513010 1039
67 736257 1670
426 384659 1166
860 438010 1506
421 554596 351
44 474532 1554
413 177330 1900
533 320862 186
55 519852 2113
492 129318 1510
297 788320 2380
907 569347 1875
8 336067 2005
249 744802 2263
40 977208 2064
917 881096 65
90 858357 1736
325 923512 2181
849 396306 447
952 882792 1182
984 71242 2100
278 536132 57
68 93540 2344
937 863198 389
825 44800 1104
751 127360 1488
892 246331 472
126 591852 528
865 199211 387
402 582146 415
601 243074 27
792 680316 2044
166 945819 2344
915 938206 2472
783 520173 2031
970 936940 1349
791 219156 1288
777 447665 1592
570 636561 746
664 489384 1503
623 417556 2179
610 16324 710
753 59909 994
475 800845 2405
746 158797 2337
564 898419 378
675 644290 1036
466 800020 201
676 115146 221
763 863711 453
193 748936 557
962 997990 939
835 647284 1579
102 336685 529
135 991516 2197
74 827185 785
135 758363 1780
601 497916 1801
467 914677 1365
600 413326 1882
965 220159 503
640 383628 489
471 17231 579
243 231909 1006
316 780035 816
958 923441 1604
339 866673 766
752 497755 1582
226 78488 2389
627 260466 1574
203 703247 993
172 285023 1756
46 212367 791
861 490910 386
792 377625 411
723 96275 601
867 275302 2034
301 951311 2104
66 676380 193
700 101800 1808
684 495801 1515
43 831437 2466
308 171123 2049
741 439870 382
969 817780 1422
706 632607 1629
456 648575 600
275 580226 1739
106 152892 1284
990 811695 288
111 244380 237
668 853227 58
212 541361 1408
548 968491 973
307 596487 1943
75 970489 713
796 974967 390
233 188950 573
54 888457 259
483 916203 298
478 259931 2062
874 523032 774
44 111748 1138
846 97776 624
869 789110 296
222 853849 657
995 547380 1594
132 911719 1549
362 973299 1313
740 278217 56
417 144758 1340
307 312950 2257
46 907115 608
234 580633 1089
93 250998 2417
411 892602 545
707 57890 126
326 510946 2231
256 743340 1135
541 713958 1475
725 633918 861
502 473990 764
336 959606 1263
123 916945 1077
367 419065 2498
697 754198 1073
293 299731 2254
325 559332 1865
148 453001 1622
608 596335 78
79 750946 2187
631 974541 1740
555 824669 938
432 756871 1660
540 836131 1631
838 945519 1396
465 831822 813
576 466667 200
492 709811 968
30 66742 311
15 67473 649
35 981942 202
944 303269 429
963 9391 1475
450 559866 458
89 884880 1673
234 765525 2122
774 224900 1416
456 271648 140
610 901179 1835
795 235634 1225
539 548490 465
419 619108 953
532 518967 1146
157 335938 145
330 904596 2123
510 183842 840
42 29183 1234
305 390752 62
553 671503 352
384 161753 797
386 37043 1773
124 720619 1171
613 949083 931
360 906510 696
956 650958 1905
997 92923 2294
899 674736 1258
481 421448 1389
760 950241 1343
518 268562 2376
675 84846 1197
346 311555 985
183 40280 2109
14 67017 1421
342 86390 13
293 693247 2379
687 533911 2052
689 633126 2300
185 640872 2424
272 207341 1433
736 115485 1859
289 427376 780
940 275289 2017
482 154236 2073
571 646221 392
743 398120 59
537 489962 2090
350 78106 2101
218 339689 2099
140 58042 1321
708 825203 1096
82 112372 2289
433 344511 458
837 817705 1777
418 833267 113
531 676771 17
437 453056 614
521 680838 1256
232 784157 1291
452 9816 1273
235 556057 1078
26 441886 298
29 207478 190
240 115919 1714
875 54063 708
273 253529 1837
490 17203 558
853 736760 772
115 331442 1437
1 936278 1481
283 57613 1891
265 858395 1627
35 428276 1442
657 32137 1318
233 488562 1846
90 31888 540
515 969685 2350
335 205585 896
306 541676 1167
828 302230 1314
867 833091 1854
362 819601 2352
71 529384 1985
416 964097 1891
844 658168 1032
187 298007 2173
871 696270 2217
502 162588 1895
543 246900 642
8 612034 1615
29 316092 1725
456 43509 1895
493 607278 1639
472 121027 2368
373 394823 1378
287 894966 1370
913 962223 1422
527 436005 1555
583 669510 2283
724 315914 2216
587 938731 67
9 312674 1173
831 339635 418
93 597473 2207
91 660171 200
832 251877 1201
76 431832 585
891 716066 495
725 999742 1180
394 416996 859
301 57691 535
261 58869 1557
350 482568 370
475 359901 1027
124 320673 1028
913 971526 311
893 217156 790
625 528928 2458
701 245752 1899
467 246541 935
743 321333 529
72 635438 2070
105 593380 1933
668 287049 1641
210 634498 693
82 803065 524
202 796211 1969
705 417140 346
563 36819 887
307 278696 721
32 887693 942
871 712958 879
881 450303 271
337 814088 97
590 209601 112
560 958196 2125
9 481406 1364
23 618397 485
248 331380 1776
733 667202 1220
643 378592 2101
777 8668 1271
879 146865 1053
265 924984 1259
279 750290 1651
216 503318 1468
143 845074 204
370 185967 365
358 22153 1847
428 598911 192
502 447879 622
624 590866 2288
133 890858 303
766 259853 1030
138 112527 2311
529 13070 97
996 407308 1885
658 208839 605
248 272517 164
244 489612 2367
727 412158 1017
209 137966 2034
240 370082 1394
738 738561 633
457 848154 1678
550 783353 2424
503 386219 2348
590 481481 126
968 602501 2191
979 728263 715
994 254064 1085
577 413448 1633
278 277554 1938
712 239213 1160
514 118112 741
408 292463 1426
221 937009 849
784 471111 336
801 579804 1419
246 475775 792
730 312467 1483
37 292382 42
448 470356 2304
504 789202 440
193 251683 1782
577 940520 828
602 718015 2077
786 811151 1416
405 744057 1829
893 582551 1929
217 54435 1144
210 393883 985
894 733111 628
997 790071 14
996 259152 563
711 317338 292
519 710902 1507
499 34275 174
480 443254 1465
683 784242 2189
24 279103 170
714 185569 1974
560 217755 567
3 756752 1621
44 837471 190
656 469996 1047
959 400388 1565
195 743792 755
751 174461 2200
12 303811 2134
487 154540 2334
407 578785 1937
259 119850 2329
934 704579 1485
244 561502 1607
48 913254 842
610 90531 811
927 678140 1307
762 620778 2495
685 438 2081
633 813499 1251
27 361913 1814
241 197636 1990
698 567876 2152
966 963380 1372
111 613346 2018
889 711332 924
182 798043 915
15 653485 634
602 613874 133
236 971997 2447
410 402320 460
686 683503 2068
318 700886 271
804 99925 2232
334 773477 1957
123 74502 971
573 267746 449
689 76005 676
442 237229 1371
497 788854 1582
682 576443 370
29 793245 262
632 254389 1396
177 202053 442
373 507815 2331
386 368958 2080
104 984776 40
572 405773 210
385 643201 478
495 643790 1599
929 164083 153
114 286497 1332
749 987521 1571
124 345442 1402
487 106856 2438
250 763919 255
27 610638 1954
113 327095 1306
844 171297 2231
4 348924 1896
55 354365 73
595 139567 584
901 908834 1859
553 212329 2473
519 577172 2008
556 995841 2206
453 521976 1233
221 743176 1404
405 955364 2224
946 437502 1702
578 347557 1345
673 532866 1092
998 221156 644
739 46144 272
655 740472 1818
620 503147 750
3 161009 1809
489 142140 166
774 503148 636
679 277472 317
296 249410 1527
18 938662 646
444 839109 174
915 481971 1591
797 227976 1829
484 476095 2218
637 349133 1135
35 613574 1295
664 408251 806
678 713169 204
19 413028 2408
630 31587 634
226 675734 1005
979 872034 1923
975 838595 2244
468 53329 1268
814 164236 718
13 230154 193
443 832219 2081
281 508048 1153
11 366863 365
812 579459 2303
365 915271 1772
570 47284 1119
115 525553 998
125 437185 1612
240 968797 1770
738 184565 2411
938 741279 1707
333 413708 1144
560 844310 2302
158 713142 502
57 811554 724
351 228431 2090
623 767879 446
365 471296 1395
418 984521 467
705 749210 1486
101 113336 1967
182 616930 964
539 770889 2125
455 336645 1230
188 755514 867
366 886176 2124
458 233394 1215
227 96097 969
327 120917 1826
993 34569 1045
958 204254 48
810 492369 955
565 89700 1339
662 545711 803
407 96291 1534
601 687127 2008
931 980312 214
254 383126 1043
6 726028 2398
342 471135 1541
727 759245 1181
982 165549 838
788 369141 2244
788 402461 903
758 848930 1731
939 33237 587
464 557625 1393
841 432892 1489
379 694976 1935
693 669475 2395
129 865957 433
421 492342 1892
385 835971 1354
596 598959 1951
202 810681 2479
113 724550 1792
257 707753 1716
25 896098 520
643 58145 1053
311 479088 1299
255 938436 1259
138 264378 1495
857 111439 804
77 660308 2279
744 478233 1596
88 55923 336
729 12732 2289
543 268439 2428
699 944379 968
866 159050 108
743 673579 301
509 45360 2006
185 125428 756
940 205621 806
641 275220 1281
421 657350 901
183 241853 1780
555 549089 748
700 878757 1225
62 529945 1861
514 764993 2242
561 103231 1402
201 196814 1072
622 300475 403
303 391334 1529
824 73848 698
652 273312 430
681 348606 2413
23 747741 1605
95 951523 1706
488 208369 2092
844 963468 2147
1 139638 1026
105 72556 2359
713 415577 2272
654 340188 1946
389 925516 97
766 18545 291
450 969715 45
938 481006 806
226 293058 517
732 916964 1786
79 59713 1016
655 905638 2278
356 749345 906
740 513305 18
161 435346 1848
868 699008 514
951 584195 556
234 415142 2213
147 9467 1195
972 191989 298
383 482907 2247
36 827021 1292
791 167630 200
488 767159 1760
576 558717 1336
710 264015 1044
200 938316 1634
268 332936 228
922 492871 798
661 716947 462
221 816780 1830
400 386648 965
339 986812 2129
491 432882 316
199 963062 1428
188 326338 549
977 345569 2340
811 430251 647
775 168179 2321
108 923587 277
311 380386 2437
599 283644 604
430 507564 1035
382 104412 902
600 659269 2187
651 865859 2250
497 540531 956
156 553244 1223
334 737975 2451
861 574342 1167
679 515940 964
717 582656 314
862 150686 1076
947 579669 25
228 985331 225
365 666063 744
256 839571 2041
343 413032 390
491 414528 1292
524 187853 1604
40 469972 763
948 49078 119
15 613479 1051
826 622179 2399
767 644983 2247
265 322759 1611
124 138270 286
82 591555 1722
922 375596 1319
945 343104 1706
983 172811 479
442 177725 472
127 842025 1625
37 221239 2429
11 421852 991
813 660415 555
159 317293 1346
503 803849 1810
980 171851 169
998 968410 999
376 727149 1855
716 484581 791
911 505296 2098
944 118461 1135
336 825218 911
889 338404 138
789 897454 188
69 608828 1312
479 452385 1339
68 196445 2082
471 364853 2343
562 720318 1711
557 839857 1007
623 456293 1877
354 204815 1706
220 882881 1528
55 80838 337
490 458787 941
15 737215 454
6 398214 2406
826 734634 2205
642 187881 2114
45 257593 1779
334 856787 149
365 922678 1940
444 770610 1037
814 350892 827
927 186439 835
82 787861 2072
686 215646 1395
675 432949 1703
38 689548 1252
217 73276 342
149 666501 705
168 771990 951
104 532185 784
541 649977 1093
5 853810 1997
409 902766 223
208 472809 2075
367 133796 1447
690 902026 1548
588 547076 463
724 484924 1983
893 239053 2420
2 692972 584
577 934716 1728
759 138998 928
149 502176 440
262 248972 617
785 987112 38
379 192382 1084
226 38816 56
640 960518 1157
321 909943 1222
585 397231 2019
291 261558 1805
388 524356 399
404 954877 1781
401 473070 180
711 1103 1211
10 866139 2274
889 657273 1938
639 107288 1148
902 681687 2203
433 190399 2102
506 45243 569
178 410060 2482
346 852378 1538
74 253724 84
416 451646 2364
142 121105 697
120 586475 1246
278 271836 919
159 258320 1289
602 961982 327
182 964555 1153
62 145341 1610
574 628504 587
445 816411 479
204 911297 2428
928 814011 1381
364 298583 1572
896 881981 2125
879 305532 2394
81 237631 302
267 673556 1735
537 561706 2470
673 355164 869
801 296156 519
84 237722 424
967 537943 2334
60 97389 1228
404 206314 1493
126 736673 2313
29 491493 1962
362 617772 2277
560 50687 1889
751 36153 1389
536 797025 746
693 372703 547
666 623923 2472
465 581637 1186
578 288463 963
444 539814 2012
502 819402 571
629 124462 2250
349 664935 1096
734 258797 1157
339 491638 834
751 963005 550
818 683837 1151
240 734259 1510
768 867920 1070
792 194383 1536
681 824275 2054
906 177325 871
498 211911 2387
182 126491 1159
677 25028 476
998 483086 996
99 4180 1326
186 179 1506
433 645158 2025
594 770329 2124
157 818041 395
867 839473 2359
6 935339 1110
44 624853 2299
485 122609 1638
863 922671 94
338 479332 2245
880 299375 1688
752 876786 1631
419 879541 1840
794 978682 2401
102 199991 222
542 554585 1119
276 504663 1126
457 424516 2135
992 752092 228
724 922916 764
488 181005 1072
638 930958 2107
846 362248 2044
292 991670 719
40 736903 100
180 7721 2440
297 610699 1805
225 226470 1791
499 72242 1338
486 468693 1524
777 255514 1725
666 298320 2171
496 387692 228
464 461747 943
355 21795 1823
712 772895 1129
456 595021 990
913 909434 2409
224 308293 198
875 818559 2300
211 215497 748
818 609990 1634
835 698769 1685
530 418094 1348
14 243879 518
129 195257 2043
435 907548 1360
959 530907 1800
491 570749 1780
456 81606 192
464 517366 1368
212 628588 78
377 888335 43
411 85029 2142
167 975635 1116
7 725023 1527
312 682445 2282
805 864392 465
674 160963 1911
938 234016 1098
94 85325 1649
49 698265 193
336 817609 160
242 391131 1287
335 808128 1356
466 639851 1349
496 253969 601
170 925456 615
146 223664 2420
255 940667 465
828 119472 1075
872 914852 469
841 147756 1007
65 258771 2422
496 363741 1884
167 19514 98
640 225124 564
102 142908 365
244 913960 723
446 300950 1068
460 995571 189
434 382171 2420
683 114934 2375
796 244691 1892
938 569654 691
106 279549 237
342 936393 2444
119 452255 2020
35 933612 1723
771 298569 2257
88 304908 2215
49 492847 56
739 49904 2306
340 906851 1371
559 988367 2046
251 779377 650
906 130185 837
992 689751 256
527 807318 1342
261 495045 988
893 39163 668
104 513569 1753
201 918902 2471
543 988649 2155
419 734597 1431
525 930402 2291
129 5410 848
457 299653 1021
345 587763 779
894 121016 1207
945 250036 665
149 201451 1617
671 730160 757
925 394069 1411
419 420949 784
110 643159 415
900 744438 330
283 384385 1534
850 271388 1258
1 468270 2367
832 959739 297
461 197227 11
816 569744 1638
968 362982 1285
236 422066 575
2 366218 1286
961 633913 2189
807 792956 130
689 330252 2116
543 538368 2495
333 843917 1924
68 472816 2002
376 87096 1163
174 518388 810
131 11616 2414
391 807832 312
541 203800 30
916 587755 2122
634 180045 716
211 571298 498
253 721780 1821
199 78888 170
875 294810 1058
393 736605 2028
619 376899 590
15 321690 1699
564 700739 1944
782 978769 2124
224 458378 191
456 489214 1126
179 991943 1779
428 991691 1924
238 252975 1064
495 170948 1547
146 921410 62
15 390832 1035
638 431107 1773
23 417228 649
128 622814 1461
205 664360 1841
857 556456 670
791 577154 1226
152 325068 1796
145 158533 53
865 207999 1680
557 742755 2386
644 41266 1158
716 563259 1941
490 471321 343
927 391013 909
396 589314 1685
56 250454 1051
312 952066 1778
335 321551 1493
438 230134 1509
845 69308 1316
539 110197 175
939 216457 2266
917 15426 755
688 696821 1242
189 660447 394
269 424496 234
555 46737 1336
448 236895 125
517 330296 1526
801 777558 538
861 424010 1612
182 968011 107
57 544122 720
337 495932 777
814 989432 2457
116 415055 626
350 310872 410
611 695830 828
409 376159 290
276 762797 893
416 577777 1025
384 937053 2247
674 724016 1412
220 601443 2309
806 222302 578
921 37271 2246
87 69960 1555
39 567230 1398
31 993712 1622
973 887861 2486
57 856104 776
948 675495 1143
835 202000 1294
379 193051 2454
459 428838 866
962 36176 1430
470 28003 151
329 889364 1007
662 596936 340
682 392836 1751
835 471969 437
574 60758 568
117 223346 72
806 108609 1585
441 876298 2253
964 694356 1203
585 395202 1669
500 900343 31
632 826530 355
524 755380 481
54 861742 1077
605 703725 2324
475 727491 386
422 32937 1715
644 748918 816
51 65679 1709
728 565522 923
605 531633 1211
338 432818 1662
847 47399 757
384 921464 1399
367 434869 5
126 254445 2262
906 473925 159
641 267518 339
875 765847 256
140 733140 1448
644 935514 2227
142 685842 1554
508 316857 1170
444 960195 2069
843 884154 29
916 478979 365
133 48307 243
690 177247 627
512 95009 1832
412 376477 2254
220 756075 1352
450 292212 190
325 492076 1689
809 711787 1783
69 633710 1866
907 512304 676
969 790105 2456
643 914622 1799
707 991062 2071
726 644483 734
761 758146 860
19 919846 1262
483 869811 568
887 479721 1935
616 425891 2100
683 92590 259
696 208276 784
117 698507 607
397 823742 1357
707 937405 207
51 1498 855
915 700895 1826
731 325291 1238
253 349209 159
193 657000 668
159 894582 1627
730 103991 951
814 543575 684
766 59096 1287
308 330474 570
132 391712 494
23 130753 1782
540 688164 2368
231 658690 1439
112 212738 1931
185 496346 512
50 378630 1957
565 933287 2187
188 194198 1777
202 84691 467
919 85623 1294
332 755510 278
789 866567 2117
176 670869 1585
802 155988 505
159 962804 586
525 618543 2148
147 395590 1263
743 166356 793
632 747017 1785
495 165498 26
888 278017 387
118 402526 1805
903 817204 2222
976 593189 1183
283 87639 1028
293 277909 1893
102 121673 1267
601 204625 2023
875 514620 469
580 1780 1442
720 149436 1242
2 69921 323
118 724243 120
781 321850 1857
56 721052 11
727 984251 110
480 299884 879
70 512714 1780
450 862760 1682
671 68137 421
110 861682 591
896 792278 1533
302 771601 205
779 331848 160
465 850393 755
90 139841 2222
457 463379 941
72 860986 818
48 871285 1105
226 719402 419
6 939814 536
12 188494 602
922 308227 289
451 737696 1000
732 101175 1359
670 216032 828
854 680893 1814
351 217953 419
276 872875 1331
410 698059 1067
880 189134 181
466 485677 697
791 900670 1994
533 48993 1935
562 950496 1642
149 243035 756
452 644324 822
584 195182 1546
445 97307 742
219 136709 587
549 852131 1783
696 14812 2019
196 62314 1030
508 400513 92
960 304597 2167
428 874133 208
682 844605 2333
332 748578 640
715 412003 1490
675 622019 2270
325 795844 292
620 165715 1095
132 894434 396
491 520946 1946
709 226299 1192
776 771719 637
531 587544 106
131 1522 1951
212 313804 1314
177 705408 1420
276 975687 57
743 979546 1499
488 961792 1690
318 692805 140
630 813279 333
287 759375 949
113 552202 1984
964 696478 1432
189 812524 1007
442 831750 1900
927 661450 112
717 232724 1088
550 207080 328
46 25120 1722
426 255229 223
74 488839 2073
479 449683 490
611 43398 1257
121 978130 331
359 865031 1985
528 922550 2394
205 162735 726
386 973952 933
905 676949 1828
872 7150 84
244 630301 2411
232 921424 1742
379 983289 1214
420 131401 1997
215 406855 1165
619 725259 484
530 856117 1358
378 222901 2016
409 809789 100
115 99443 940
191 488025 103
289 99016 773
311 236804 819
370 175963 1958
954 563520 1583
750 760320 2272
494 64720 1723
393 304516 83
217 170403 1985
613 339062 1218
745 599274 1682
136 912314 1325
123 518635 1200
298 337622 786
780 382218 802
501 872040 2292
149 175353 959
48 822430 2076
402 942752 908
14 223148 2159
558 255386 2237
191 939954 759
436 148428 660
584 916572 1152
526 513364 217
738 346335 1371
965 852679 1471
169 158316 1519
359 820723 754
679 375585 136
458 594075 360
460 132730 1324
998 764205 1331
854 728920 1496
734 356893 891
846 444317 68
753 882276 1686
571 8591 1835
900 210543 1098
511 220801 584
39 473241 2209
221 698469 1306
633 756307 2278
791 242964 1929
378 345341 1477
640 219973 1107
309 850632 2352
818 452917 386
734 23722 124
917 79354 1793
345 661940 1878
513 559876 184
954 760579 2396
641 64556 692
209 698248 612
82 987369 94
350 700636 2380
499 598199 704
802 736197 1091
525 812350 1722
7 801290 1967
592 639507 1892
956 686240 2049
548 366196 2258
683 916380 826
841 70834 1027
296 857929 663
330 537317 2317
861 850638 461
159 347310 1242
258 563949 1932
763 165591 2422
804 443914 134
459 615232 1723
409 331594 2032
286 315843 936
143 800202 1820
729 602183 551
152 321828 54
145 763937 92
982 647924 835
85 431988 2335
368 294272 374
262 313482 2008
526 202527 315
813 155985 1584
579 6121 944
727 604508 2239
938 66798 1235
155 568201 1578
342 169033 1463
364 197858 3
725 537508 689
433 533403 1137
928 292230 2474
807 419571 1036
255 364274 543
447 68866 223
950 837671 201
866 137147 2207
222 906654 1107
311 603945 941
107 232167 2457
164 778926 1938
820 869082 1303
837 628866 928
669 920455 931
541 294813 2017
553 317539 1717
828 986502 547
985 976843 219
361 777249 180
792 927756 556
367 492989 1302
311 461243 1208
347 69333 2432
818 175864 1607
695 396988 971
55 973990 836
416 45906 299
2 467497 650
516 151960 1209
278 661031 820
479 959249 2245
846 389946 1249
644 6493 2498
566 626315 1991
311 545841 371
367 86032 768
221 936322 1924
970 945547 2202
242 794593 1026
844 257058 1166
499 798781 1054
156 676788 2353
165 502981 1086
79 125451 1186
96 914255 1793
600 662942 2387
584 259904 220
667 504232 1579
632 162328 2224
824 124328 2076
726 494169 1165
71 396160 5
407 405374 1431
634 246514 845
423 833699 43
790 225097 2001
600 99191 970
215 274554 2293
490 538169 505
626 19044 867
957 248073 951
199 436603 1612
701 216246 1812
889 610992 406
560 464133 1789
366 822578 1098
295 52489 1181
368 488482 650
751 504588 650
623 460963 1291
20 421583 179
262 905116 102
366 223996 1333
691 37189 1280
356 537314 174
693 144095 2124
365 151235 1584
181 215406 1277
492 706844 818
671 523278 1400
204 685936 2466
436 765068 51
468 635117 2261
36 264609 2125
499 659606 1393
39 50433 228
290 444332 1434
503 964388 781
807 233370 1362
289 703355 2441
703 859587 294
593 904460 1797
118 410549 209
824 99689 40
202 767067 1791
305 744363 2377
548 494224 2329
743 282247 1000
65 895160 913
182 818266 2440
938 870125 676
644 530875 2274
482 417132 787
280 904325 1711
775 582260 262
719 283338 1160
626 716568 811
601 993202 1941
770 468733 1518
34 609422 1900
805 764066 1261
800 700933 2466
370 258997 2242
664 270490 798
736 913984 1826
558 79689 127
594 126913 1122
654 620876 254
63 290551 1476
876 659186 1313
824 240400 1566
107 864540 2082
882 403255 1239
62 911237 1350
267 261461 618
954 739023 1617
28 98369 706
294 57953 1000
69 567681 366
251 256100 1300
56 277321 969
450 235654 1149
29 280714 1779
530 70308 1792
756 546887 2118
292 271004 1470
552 352505 335
871 715131 426
848 99871 1339
345 352887 262
299 356645 936
382 697910 1991
80 193299 791
264 461711 20
458 867895 799
421 189783 2021
779 510672 477
433 894888 1768
334 735486 614
712 954744 535
355 856323 665
506 434305 340
36 330710 475
592 192192 2405
617 209455 2218
927 644857 84
323 880669 947
987 600713 1146
360 550977 2089
481 233679 1707
679 237395 527
215 231667 1412
398 129585 1316
582 467354 483
815 685804 355
708 520867 265
534 430146 754
702 486682 492
78 906215 1434
335 277393 1647
692 194094 760
613 676721 770
950 748242 2074
348 859323 1518
725 529587 307
745 724927 2101
346 46382 2017
686 30182 922
948 421206 737
667 437924 1688
467 476071 619
515 682660 1934
447 6958 1737
919 350032 2332
809 53269 308
714 744051 1918
742 353998 1417
163 843740 1361
788 656536 1090
479 371738 385
857 58296 1152
431 176717 1223
389 483636 1323
968 134375 2053
564 288259 1913
670 256699 949
387 752403 434
363 461819 2049
605 750631 2474
697 405222 1652
505 23910 1195
899 623361 2104
550 507543 462
483 865254 237
437 688849 2362
610 479212 956
606 885060 1637
247 396232 1680
372 476769 1858
105 352323 1107
128 357799 1057
276 711098 899
942 980527 2315
420 493855 1400
1 258075 974
478 886705 193
434 461081 1527
191 791713 1454
847 65625 1821
787 12952 2455
327 79653 82
264 754203 1854
533 785714 1850
103 403709 2216
915 582076 401
577 622478 148
29 487039 2247
218 594437 1123
733 597581 492
368 687681 1355
501 340853 1415
191 826244 2088
186 489393 712
337 873444 1054
14 131871 100
937 234618 2204
312 146180 648
937 515335 950
396 504146 2201
999 465955 2285
367 208250 1035
842 494297 1292
150 368114 938
619 254522 1800
664 559701 1415
199 740006 2139
228 600189 1641
311 431341 2378
478 899276 620
456 477578 585
617 403635 371
532 165133 1110
729 517156 976
427 885218 1084
242 733185 1999
313 654966 422
775 886610 1345
356 750169 733
825 675722 2074
174 13981 2087
683 511834 781
829 881575 1791
773 506083 1411
485 740560 1927
413 727630 882
158 661778 1148
683 87391 330
184 924240 1432
777 893538 820
693 346721 1758
895 611592 2443
319 565347 2449
320 223973 196
957 972424 484
463 552275 41
225 27972 2186
511 481886 2491
164 808020 2110
281 708203 1598
277 635560 111
240 340777 832
972 784476 855
76 758906 1467
745 630368 2269
52 340248 597
343 538605 1459
232 876304 1803
714 726810 2388
289 461662 1727
377 441353 1315
990 605896 1544
313 64503 1430
541 597490 913
133 667244 2180
454 173731 460
482 916422 1740
198 814975 2060
643 551827 321
399 897518 1878
447 183870 1676
25 798811 781
901 983705 425
850 394467 90
266 241127 2292
677 373206 1448
14 660490 1830
492 447602 460
442 945251 1460
831 791170 1391
406 328632 748
492 512090 1623
19 842495 2354
789 402573 2415
792 137536 505
244 787506 1438
190 479572 457
119 216028 164
240 576355 1791
736 52365 909
372 215464 410
700 405004 2491
556 260465 1555
250 293367 1866
853 416986 770
633 617671 1428
494 207123 2478
427 348546 2086
431 81262 745
786 899381 2150
523 494201 883
776 228447 1027
663 34910 23
986 957826 2293
727 299617 666
670 297292 1290
408 774141 1236
489 296254 2478
253 651485 2087
432 980842 1500
581 343433 1031
334 734673 1406
721 479015 1435
56 654231 1852
73 713335 1324
188 742478 582
369 645239 580
148 982782 77
31 185309 1417
844 548420 701
24 345529 2427
939 222363 2252
758 151199 1352
207 900653 1792
173 461239 1387
911 478603 1056
606 582197 1756
873 471060 1559
760 214834 640
378 741993 242
152 785957 2303
516 707676 2410
573 89605 684
854 331274 867
181 705372 2349
83 802866 1177
623 282414 1960
937 286645 218
803 251704 961
761 833712 1822
50 58717 1818
197 391016 1683
534 722304 1625
553 519350 655
87 272092 336
593 652425 1464
59 508125 569
37 312811 2409
420 115489 2024
93 309580 238
802 674199 2291
697 209933 247
284 821554 32
768 769117 1466
654 488721 15
869 621443 1170
414 874231 2016
633 504522 1424
223 835772 921
180 298509 698
238 952087 2029
212 684032 2279
980 138029 1164
300 700875 947
781 840416 2162
736 758715 13
174 468674 378
528 580039 2032
833 557971 2310
498 55704 2422
189 312895 1637
925 771485 328
210 633157 983
381 879788 1179
546 136161 2320
228 745640 1896
305 586631 1027
608 168933 2108
116 645350 637
554 181044 754
71 8573 2467
798 274453 1222
742 483646 2465
294 540629 1897
904 68400 723
513 751391 1715
891 827889 1647
766 787021 1112
134 951523 1423
138 946570 1978
644 815178 2202
369 461057 2433
297 662790 502
79 889655 520
37 895937 1114
455 640392 1267
468 544597 1508
792 327881 1720
191 902793 1764
604 396408 1912
138 578775 2029
61 696866 1673
505 286799 1036
504 264341 739
725 816083 1703
315 142243 26
439 160257 364
374 668207 826
932 301202 1464
114 686067 2194
621 867323 835
203 440223 2170
510 392328 115
304 194353 2009
229 523215 512
684 978424 856
167 270249 2349
530 103763 1549
900 999999 1688
513 165434 561
469 306958 2064
251 825894 1853
667 399580 1178
76 250967 794
478 751733 532
927 250196 1562
12 939266 184
668 880702 979
868 786594 839
411 556077 1611
409 57771 327
958 441697 2253
533 418747 452
4 101964 977
886 194019 592
246 321298 1210
107 794134 931
899 258101 528
761 819125 781
32 81691 1075
287 907929 1021
866 309182 2405
796 876093 672
486 930290 2042
570 40874 1271
837 360742 2045
974 380809 1801
194 73795 1335
93 430425 542
982 561763 1831
647 489098 2490
133 801232 1501
859 80642 1127
626 567145 364
867 181947 1820
744 630010 630
704 580292 982
794 387330 1294
224 468970 1450
368 65178 5
14 396821 1246
745 671529 1977
591 631029 2479
106 704018 937
197 508408 394
20 167954 939
107 212918 1542
283 29555 1558
482 684205 338
573 786429 2332
806 772654 1587
466 230935 772
778 608438 1966
447 326994 2309
881 141147 1077
81 891297 881
524 852261 1278
915 956316 1905
640 605313 1914
931 706457 2455
169 259377 973
732 912247 1120
190 242249 995
796 906310 47
575 737235 1597
561 128572 222
654 868135 1666
349 74339 1664
401 301497 1081
930 797071 699
550 44238 1925
584 3361 2493
260 198000 934
353 650310 2035
587 822766 1460
740 785980 2425
170 556414 635
647 347271 1129
375 946408 360
544 721185 1457
368 210584 9
236 812773 17
736 541860 168
538 990833 1705
423 268909 574
302 92139 1821
137 694717 1500
751 90415 1859
250 717906 1803
293 524773 1681
484 110802 2385
366 812199 1179
289 214438 117
132 899583 818
921 770653 2024
837 655871 791
101 203484 695
602 496884 1955
722 90345 1933
553 675524 1808
184 150346 1806
940 715203 758
673 955858 1048
401 121021 1643
295 149568 1889
17 601329 414
253 106055 786
771 587407 2162
235 849537 1236
355 147281 120
47 33762 1081
838 149688 1595
148 602594 2374
500 761982 591
775 750813 1307
220 764033 2487
646 711877 1924
771 938946 613
938 87629 771
485 92659 556
18 828976 1886
358 598149 2281
265 166687 658
896 181213 1174
624 436452 701
855 822255 2469
757 385013 1069
204 401413 513
541 77689 1897
636 889250 330
591 945158 457
610 243622 521
15 123942 1061
522 487828 1007
731 142913 237
474 277336 2375
802 100720 2372
3 583990 2382
915 752428 872
937 86456 1852
11 897290 275
847 343198 297
977 803631 950
269 998660 905
245 801262 786
437 654670 1625
202 650816 422
720 666318 368
967 852629 1993
398 260172 2139
320 869001 2408
942 738018 338
37 559226 2176
947 215347 2252
579 906334 956
569 605666 574
414 9214 1270
565 578766 1229
408 182358 1206
357 881747 814
678 774533 1118
80 41125 418
840 1602 612
296 799575 1265
84 794246 2375
93 194842 195
67 733188 366
941 293331 2101
921 331888 1351
502 763106 2296
613 41793 440
999 524746 39
594 681557 300
63 996849 1949
322 52646 286
558 144914 2153
393 48742 2114
999 972584 2261
863 877926 1378
714 150919 182
218 287796 1486
545 732346 635
754 63146 218
17 773938 79
757 64861 538
516 863357 333
684 299732 1449
521 673973 1175
6 928967 2175
800 485954 870
19 873743 1560
973 830093 2163
918 593139 2368
980 267112 1945
158 11471 2053
679 988723 2091
176 463224 1048
477 48294 2216
943 814521 1944
672 464376 1171
778 526642 992
864 963902 1614
888 770022 135
285 458126 2098
636 650269 177
380 957629 850
998 809666 2388
998 879689 1574
823 232935 287
680 954020 477
659 502154 1234
917 229662 138
223 785614 2116
861 820629 446
705 422787 2053
402 368238 2258
616 453891 1559
30 476691 1064
278 331729 2404
934 106019 1802
696 437355 999
879 361027 1483
374 976412 10
96 535581 762
438 69816 1279
984 591885 504
103 343469 1578
265 442561 1422
144 336880 2373
81 307476 431
306 679206 2226
575 802576 1569
491 645119 1976
638 442884 651
930 810341 333
653 806081 209
716 106711 286
870 718271 2074
397 612865 962
11 421756 2003
749 217134 2191
224 337522 731
25 872489 1990
322 572634 379
60 149823 864
183 998396 985
993 15407 378
228 989796 271
673 267741 1790
840 75155 983
867 935825 1117
694 935633 2360
27 31891 520
247 874921 2217
501 236974 34
115 283383 1440
199 851171 435
273 857297 254
39 394505 233
592 843069 2338
756 565168 957
175 638329 1817
601 54979 2420
863 886453 1684
361 878125 2087
781 404068 304
107 365875 1666
506 625390 2372
837 550720 1999
421 940503 2184
429 322381 1609
246 893586 301
531 293019 1844
752 698983 2411
868 317401 597
475 400087 1506
256 333461 1613
805 769045 1666
326 28209 362
883 586529 2242
835 700285 1434
96 404626 1823
762 89096 2052
910 489089 753
874 218099 1209
905 589031 2341
564 119171 823
858 946880 1696
242 391035 2161
122 248082 1040
284 592018 509
31 797706 1546
897 643352 222
713 315996 1685
809 665320 788
143 688733 987
472 792130 74
702 318507 1716
774 3899 1534
251 774318 900
150 842132 79
307 70189 1560
283 633311 468
320 203981 1254
897 966299 913
14 178885 1372
221 633963 46
582 404963 1371
291 394296 807
821 975152 449
520 307108 227
976 457675 948
191 105078 1417
416 709693 881
947 920261 766
771 87420 1966
70 823118 104
969 37143 1382
630 106471 2237
902 965287 1596
458 128847 1935
766 818821 2057
336 661757 1054
560 882848 1333
929 38262 474
711 749252 1224
433 105924 1327
934 912538 557
294 129221 1937
10 99041 1523
164 37329 882
637 267569 1993
172 666218 813
371 561913 1098
61 238706 2258
837 718162 788
311 498120 1340
433 83418 2012
450 999900 335
152 910963 1878
266 508694 759
4 41378 1687
963 948049 2086
191 26853 862
792 198923 1552
637 581716 2196
859 641788 140
789 847048 1487
38 618393 1126
271 493970 360
24 242954 1881
588 844050 407
253 96612 1269
211 120710 1816
136 595007 93
691 668400 2490
219 442883 87
498 464389 253
995 206105 1476
93 987723 1375
657 102055 1505
233 801319 1510
94 873731 2014
206 44270 1824
758 516506 314
81 306149 1664
537 699054 317
171 170771 1555
343 328693 343
347 573163 204
837 712612 743
777 888048 302
486 559927 442
623 32384 179
211 271759 729
75 382088 1172
219 690926 2081
742 311142 1605
612 808444 268
883 926984 1560
323 892410 382
361 763704 1565
440 434458 1866
40 91495 28
553 162692 1784
590 23200 1215
628 650809 1679
633 483200 1925
555 94581 1344
860 860240 2111
585 373855 1255
724 960586 2096
709 106325 819
640 409229 1545
268 23255 653
804 220287 32
225 292639 2112
377 163757 2437
171 766925 614
697 512817 436
844 489949 2001
862 738096 1431
814 72179 76
68 131986 2017
929 881864 231
557 718478 1106
276 514829 1601
525 903739 795
373 869313 1041
851 463256 1249
740 773929 1157
548 808476 1339
168 804342 432
920 388330 317
220 81978 1453
973 221127 1610
129 35004 1520
130 111461 1621
902 903839 215
445 130445 1329
954 663199 976
50 684311 1881
970 262939 1013
143 631309 1743
104 666921 2342
55 398801 1769
371 933590 1888
852 577772 1913
815 636550 1218
314 800885 1409
987 576496 1171
800 580893 1926
73 904740 966
850 833931 31
514 889157 703
631 350378 191
980 871299 582
311 298785 2498
214 636385 1831
789 173005 1890
701 898330 417
963 903450 890
7 367475 996
332 387720 1552
209 205269 276
522 904441 1246
883 461774 433
638 999725 1507
807 703660 2427
557 391909 643
606 187603 2123
352 556738 631
565 340089 443
881 859370 1110
482 615670 1991
355 758378 929
315 911920 1664
741 190998 1776
828 384629 2186
965 307630 99
104 585120 1567
564 12182 1214
124 855360 1674
383 381235 10
184 262843 2397
221 948601 600
48 631363 1379
980 968817 1002
863 605844 383
897 16206 2212
797 355926 1717
154 341474 2094
448 895945 237
667 566254 131
731 358263 2366
668 956431 596
394 373369 1932
402 496297 1236
656 103618 1948
381 117176 2171
976 812186 578
416 304524 199
197 755729 1807
562 595985 2465
497 532109 1028
812 61249 1659
92 542620 548
546 990511 631
177 955138 1930
297 203017 518
174 919470 1648
395 142256 2074
43 69946 2290
395 747581 1005
934 517525 1608
221 787567 111
115 244433 1516
610 196132 862
650 577560 2438
172 243898 931
945 351152 587
602 781354 280
14 802134 1004
380 767116 966
198 841575 1362
990 803336 1743
857 950591 940
30 138695 1101
405 634874 1730
788 467164 1105
435 682442 2310
612 544246 14
222 82398 1403
779 695440 908
759 383890 1197
422 470032 724
346 731641 850
261 714914 1485
142 420560 688
859 350856 442
717 542172 714
534 785083 1416
443 14962 383
838 879982 2232
339 266439 1348
49 559894 2044
315 116539 1378
809 296767 2063
304 810278 1652
61 739466 1404
772 659594 588
452 631627 497
373 986058 80
856 760268 1887
179 132325 685
239 920414 1129
304 918241 920
692 166832 2291
23 73443 440
522 733527 1935
268 865590 1383
782 327190 994
494 695888 257
709 882361 948
616 484480 942
448 608846 834
359 42415 1060
467 727468 1444
826 236043 80
3 425872 1065
718 808134 2011
729 491582 1698
328 272492 222
691 393909 1990
72 877822 822
992 789977 571
828 841034 76
924 947773 2266
638 214049 1481
965 541917 1300
396 947763 1518
617 383972 253
90 570328 1470
509 569631 2456
634 960605 1097
355 228890 969
669 994708 865
68 773627 1293
821 249652 1389
964 988395 1385
459 688043 808
211 351911 1171
818 936386 1412
631 39983 286
838 484690 996
554 775043 1816
420 852213 1470
891 503949 2376
672 814 1853
300 869585 1826
481 665009 843
454 669386 2292
432 170233 1988
850 169578 286
25 773189 420
35 698273 451
201 556859 2070
924 264041 2282
204 848350 1511
593 246284 2270
766 596336 1438
414 20247 2157
920 9812 1638
649 722900 1166
87 712628 1847
387 637873 1711
170 287981 861
225 401527 856
157 717179 245
269 714448 2091
587 170705 1371
557 880746 865
159 574863 882
19 248109 1485
346 966644 2160
721 895795 565
810 179134 757
912 179823 1188
146 494844 1576
189 627943 1662
363 545459 867
838 949355 1229
374 682781 54
347 745550 1884
280 825009 1652
820 217973 177
664 55770 46
257 370523 542
268 711367 347
473 279281 1451
323 572111 891
345 645640 2350
896 913836 1045
289 272824 827
688 171231 900
523 153963 1530
397 932191 1837
929 248261 2311
535 130434 775
542 948222 1029
16 583237 921
452 371387 577
866 325584 1578
353 882529 1029
491 853616 110
242 672650 2377
221 478376 2021
954 563217 2288
776 249346 227
438 757501 735
445 703488 730
600 376830 2291
429 688631 1418
179 723998 569
852 268835 610
493 426192 1537
686 867614 1286
950 213433 231
67 795770 1366
21 794947 178
862 165414 2398
492 940117 807
122 43709 981
487 32189 1504
99 508556 1987
537 599812 846
362 604665 242
954 771313 2236
364 317390 2483
799 23792 1883
179 428094 111
149 366046 891
773 348083 397
101 981339 492
615 936554 638
668 401360 1975
969 310006 1090
209 963499 1944
922 139285 2251
434 40048 785
995 602440 1649
183 545795 746
45 343621 16
36 434401 2213
163 955178 1828
941 436429 2312
339 784496 45
295 992248 1812
542 335522 1067
379 266448 425
217 602702 1287
403 689067 616
960 777782 718
918 718203 2317
857 508109 165
561 204208 247
415 674343 310
917 608287 581
693 368030 129
474 414933 1963
458 841313 1868
609 913381 390
633 892497 818
907 890926 551
435 691009 958
837 838945 549
576 401463 574
652 502184 2367
141 419972 1407
951 705920 236
639 80647 2257
77 942128 497
829 597251 914
804 625395 1077
226 431355 243
187 67760 1102
566 728662 1024
327 656392 1898
638 513285 1097
428 74047 76
918 522411 1568
102 453738 1687
626 249068 1162
796 488907 839
792 542090 1929
48 381137 721
376 397155 718
823 903974 1272
524 804388 1946
753 63765 260
912 862318 1691
474 300893 969
938 726657 1351
407 990153 1426
112 699494 2213
530 682994 229
294 461682 2140
751 517273 125
320 517241 1674
965 987723 1698
359 333789 1776
933 57300 1428
124 415990 1761
775 10659 290
437 679990 1827
753 681447 676
649 55354 2290
506 864488 1681
710 992018 1341
4 52 1866
131 697806 337
321 678738 2427
232 962078 388
343 413118 609
597 714060 1188
681 768687 295
687 668569 959
685 742212 701
589 209335 738
540 592877 1406
434 23797 1479
294 118832 1457
259 121104 77
981 863031 151
584 225549 1948
2 171701 1638
477 760908 1526
845 918835 896
882 269973 1784
113 100980 502
776 143818 492
223 566569 1522
635 525224 670
663 607334 1298
323 276015 2116
395 542515 667
398 830501 1558
194 428669 1431
427 477674 1745
296 259246 138
318 926774 1035
382 791707 2346
996 963558 1848
784 388434 2072
733 686077 767
395 567356 684
859 200850 2008
206 552706 255
431 176873 1643
190 546600 1645
307 53388 684
309 252596 2314
844 216583 1217
473 828675 1558
278 468176 1495
12 102229 376
675 281005 2242
186 864115 1588
330 120162 1623
961 619753 196
630 254472 26
216 786227 1347
523 553378 682
156 725595 1519
55 763389 2296
733 221736 1766
993 523368 1617
181 74518 1813
963 477332 1001
683 886500 679
98 77309 2204
763 178620 1622
24 476019 1489
506 98403 2313
996 918669 387
546 201824 1675
174 17121 2029
206 439266 983
425 436152 553
157 736209 1529
585 411801 1137
511 59290 822
781 120601 2314
817 46397 2342
681 839844 572
11 768275 1871
516 934907 278
731 673126 1813
188 624722 460
584 750832 446
82 982270 2346
175 483857 310
844 437866 1565
650 777283 379
864 778299 815
621 371139 2282
753 921525 1602
297 429913 289
102 612001 849
738 83082 1164
479 369276 1836
223 518390 255
734 204369 754
338 515485 1493
511 349808 313
568 660884 1501
758 891625 717
90 871257 1665
923 159106 867
893 770072 856
